0 1
0 2
0 3
0 4
0 5
0 6
0 7
0 8
0 9
0 10
0 11
0 12
0 13
0 14
0 15
0 16
0 17
0 18
0 19
0 20
0 21
0 22
0 23
0 24
0 25
0 26
0 27
0 28
0 29
0 30
0 31
0 32
0 33
0 34
0 35
0 36
0 37
0 38
0 39
0 40
0 41
0 42
0 43
0 44
0 45
0 46
0 47
0 48
0 49
0 50
0 51
0 52
0 53
0 54
0 55
0 56
0 57
0 58
0 59
0 60
0 61
0 62
0 63
0 64
0 65
0 66
0 67
0 68
0 69
0 70
0 71
0 72
0 73
0 74
0 75
0 76
0 77
0 78
0 79
0 80
0 81
0 82
0 83
0 84
0 85
0 86
0 87
0 88
0 89
0 90
0 91
0 92
0 93
0 94
0 95
0 96
0 97
0 98
0 99
0 100
0 101
0 102
0 103
0 104
0 105
0 106
0 107
0 108
0 109
0 110
0 111
0 112
0 113
0 114
0 115
0 116
0 117
0 118
0 119
0 120
0 121
0 122
0 123
0 124
0 125
0 126
0 127
0 128
0 129
0 130
0 131
0 132
0 133
0 134
0 135
0 136
0 137
0 138
0 139
0 140
0 141
0 142
0 143
0 144
0 145
0 146
0 147
0 148
0 149
0 150
0 151
0 152
0 153
0 154
0 155
0 156
0 157
0 158
0 159
0 160
0 161
0 162
0 163
0 164
0 165
0 166
0 167
0 168
0 169
0 170
0 171
0 172
0 173
0 174
0 175
0 176
0 177
0 178
0 179
0 180
0 181
0 182
0 183
0 184
0 185
0 186
0 187
0 188
0 189
0 190
0 191
0 192
0 193
0 194
0 195
0 196
0 197
0 198
0 199
0 200
0 201
0 202
0 203
0 204
0 205
0 206
0 207
0 208
0 209
0 210
0 211
0 212
0 213
0 214
0 215
0 216
0 217
0 218
0 219
0 220
0 221
0 222
0 223
0 224
0 225
0 226
0 227
0 228
0 229
0 230
0 231
0 232
0 233
0 234
0 235
0 236
0 237
0 238
0 239
0 240
0 241
0 242
0 243
0 244
0 245
0 246
0 247
0 248
0 249
0 250
0 251
0 252
0 253
0 254
0 255
0 256
0 257
0 258
0 259
0 260
0 261
0 262
0 263
0 264
0 265
0 266
0 267
0 268
0 269
0 270
0 271
0 272
0 273
0 274
0 275
0 276
0 277
0 278
0 279
0 280
0 281
0 282
0 283
0 284
0 285
0 286
0 287
0 288
0 289
0 290
0 291
0 292
0 293
0 294
0 295
0 296
0 297
0 298
0 299
0 300
0 301
0 302
0 303
0 304
0 305
0 306
0 307
0 308
0 309
0 310
0 311
0 312
0 313
0 314
0 315
0 316
0 317
0 318
0 319
0 320
0 321
0 322
0 323
0 324
0 325
0 326
0 327
0 328
0 329
0 330
0 331
0 332
0 333
0 334
0 335
0 336
0 337
0 338
0 339
0 340
0 341
0 342
0 343
0 344
0 345
0 346
0 347
1684 1726
1684 1758
1684 2661
1684 2662
1684 2663
1684 2664
1684 2665
1684 2666
1684 2667
1684 2668
1684 2669
1684 2670
1684 2671
1684 2672
1684 2673
1684 2674
1684 2675
1684 2676
1684 2677
1684 2678
1684 2679
1684 2680
1684 2681
1684 2682
1684 2683
1684 2684
1684 2685
1684 2686
1684 2687
1684 2688
1684 2689
1684 2690
1684 2691
1684 2692
1684 2693
1684 2694
1684 2695
1684 2696
1684 2697
1684 2698
1684 2699
1684 2700
1684 2701
1684 2702
1684 2703
1684 2704
1684 2705
1684 2706
1684 2707
1684 2708
1684 2709
1684 2710
1684 2711
1684 2712
1684 2713
1684 2714
1684 2715
1684 2716
1684 2717
1684 2718
1684 2719
1684 2720
1684 2721
1684 2722
1684 2723
1684 2724
1684 2725
1684 2726
1684 2727
1684 2728
1684 2729
1684 2730
1684 2731
1684 2732
1684 2733
1684 2734
1684 2735
1684 2736
1684 2737
1684 2738
1684 2739
1684 2740
1684 2741
1684 2742
1684 2743
1684 2744
1684 2745
1684 2746
1684 2747
1684 2748
1684 2749
1684 2750
1684 2751
1684 2752
1684 2753
1684 2754
1684 2755
1684 2756
1684 2757
1684 2758
1684 2759
1684 2760
1684 2761
1684 2762
1684 2763
1684 2764
1684 2765
1684 2766
1684 2767
1684 2768
1684 2769
1684 2770
1684 2771
1684 2772
1684 2773
1684 2774
1684 2775
1684 2776
1684 2777
1684 2778
1684 2779
1684 2780
1684 2781
1684 2782
1684 2783
1684 2784
1684 2785
1684 2786
1684 2787
1684 2788
1684 2789
1684 2790
1684 2791
1684 2792
1684 2793
1684 2794
1684 2795
1684 2796
1684 2797
1684 2798
1684 2799
1684 2800
1684 2801
1684 2802
1684 2803
1684 2804
1684 2805
1684 2806
1684 2807
1684 2808
1684 2809
1684 2810
1684 2811
1684 2812
1684 2813
1684 2814
1684 2815
1684 2816
1684 2817
1684 2818
1684 2819
1684 2820
1684 2821
1684 2822
1684 2823
1684 2824
1684 2825
1684 2826
1684 2827
1684 2828
1684 2829
1684 2830
1684 2831
1684 2832
1684 2833
1684 2834
1684 2835
1684 2836
1684 2837
1684 2838
1684 2839
1684 2840
1684 2841
1684 2842
1684 2843
1684 2844
1684 2845
1684 2846
1684 2847
1684 2848
1684 2849
1684 2850
1684 2851
1684 2852
1684 2853
1684 2854
1684 2855
1684 2856
1684 2857
1684 2858
1684 2859
1684 2860
1684 2861
1684 2862
1684 2863
1684 2864
1684 2865
1684 2866
1684 2867
1684 2868
1684 2869
1684 2870
1684 2871
1684 2872
1684 2873
1684 2874
1684 2875
1684 2876
1684 2877
1684 2878
1684 2879
1684 2880
1684 2881
1684 2882
1684 2883
1684 2884
1684 2885
1684 2886
1684 2887
1684 2888
1684 2889
1684 2890
1684 2891
1684 2892
1684 2893
1684 2894
1684 2895
1684 2896
1684 2897
1684 2898
1684 2899
1684 2900
1684 2901
1684 2902
1684 2903
1684 2904
1684 2905
1684 2906
1684 2907
1684 2908
1684 2909
1684 2910
1684 2911
1684 2912
1684 2913
1684 2914
1684 2915
1684 2916
1684 2917
1684 2918
1684 2919
1684 2920
1684 2921
1684 2922
1684 2923
1684 2924
1684 2925
1684 2926
1684 2927
1684 2928
1684 2929
1684 2930
1684 2931
1684 2932
1684 2933
1684 2934
1684 2935
1684 2936
1684 2937
1684 2938
1684 2939
1684 2940
1684 2941
1684 2942
1684 2943
1684 2944
1684 2945
1684 2946
1684 2947
1684 2948
1684 2949
1684 2950
1684 2951
1684 2952
1684 2953
1684 2954
1684 2955
1684 2956
1684 2957
1684 2958
1684 2959
1684 2960
1684 2961
1684 2962
1684 2963
1684 2964
1684 2965
1684 2966
1684 2967
1684 2968
1684 2969
1684 2970
1684 2971
1684 2972
1684 2973
1684 2974
1684 2975
1684 2976
1684 2977
1684 2978
1684 2979
1684 2980
1684 2981
1684 2982
1684 2983
1684 2984
1684 2985
1684 2986
1684 2987
1684 2988
1684 2989
1684 2990
1684 2991
1684 2992
1684 2993
1684 2994
1684 2995
1684 2996
1684 2997
1684 2998
1684 2999
1684 3000
1684 3001
1684 3002
1684 3003
1684 3004
1684 3005
1684 3006
1684 3007
1684 3008
1684 3009
1684 3010
1684 3011
1684 3012
1684 3013
1684 3014
1684 3015
1684 3016
1684 3017
1684 3018
1684 3019
1684 3020
1684 3021
1684 3022
1684 3023
1684 3024
1684 3025
1684 3026
1684 3027
1684 3028
1684 3029
1684 3030
1684 3031
1684 3032
1684 3033
1684 3034
1684 3035
1684 3036
1684 3037
1684 3038
1684 3039
1684 3040
1684 3041
1684 3042
1684 3043
1684 3044
1684 3045
1684 3046
1684 3047
1684 3048
1684 3049
1684 3050
1684 3051
1684 3052
1684 3053
1684 3054
1684 3055
1684 3056
1684 3057
1684 3058
1684 3059
1684 3060
1684 3061
1684 3062
1684 3063
1684 3064
1684 3065
1684 3066
1684 3067
1684 3068
1684 3069
1684 3070
1684 3071
1684 3072
1684 3073
1684 3074
1684 3075
1684 3076
1684 3077
1684 3078
1684 3079
1684 3080
1684 3081
1684 3082
1684 3083
1684 3084
1684 3085
1684 3086
1684 3087
1684 3088
1684 3089
1684 3090
1684 3091
1684 3092
1684 3093
1684 3094
1684 3095
1684 3096
1684 3097
1684 3098
1684 3099
1684 3100
1684 3101
1684 3102
1684 3103
1684 3104
1684 3105
1684 3106
1684 3107
1684 3108
1684 3109
1684 3110
1684 3111
1684 3112
1684 3113
1684 3114
1684 3115
1684 3116
1684 3117
1684 3118
1684 3119
1684 3120
1684 3121
1684 3122
1684 3123
1684 3124
1684 3125
1684 3126
1684 3127
1684 3128
1684 3129
1684 3130
1684 3131
1684 3132
1684 3133
1684 3134
1684 3135
1684 3136
1684 3137
1684 3138
1684 3139
1684 3140
1684 3141
1684 3142
1684 3143
1684 3144
1684 3145
1684 3146
1684 3147
1684 3148
1684 3149
1684 3150
1684 3151
1684 3152
1684 3153
1684 3154
1684 3155
1684 3156
1684 3157
1684 3158
1684 3159
1684 3160
1684 3161
1684 3162
1684 3163
1684 3164
1684 3165
1684 3166
1684 3167
1684 3168
1684 3169
1684 3170
1684 3171
1684 3172
1684 3173
1684 3174
1684 3175
1684 3176
1684 3177
1684 3178
1684 3179
1684 3180
1684 3181
1684 3182
1684 3183
1684 3184
1684 3185
1684 3186
1684 3187
1684 3188
1684 3189
1684 3190
1684 3191
1684 3192
1684 3193
1684 3194
1684 3195
1684 3196
1684 3197
1684 3198
1684 3199
1684 3200
1684 3201
1684 3202
1684 3203
1684 3204
1684 3205
1684 3206
1684 3207
1684 3208
1684 3209
1684 3210
1684 3211
1684 3212
1684 3213
1684 3214
1684 3215
1684 3216
1684 3217
1684 3218
1684 3219
1684 3220
1684 3221
1684 3222
1684 3223
1684 3224
1684 3225
1684 3226
1684 3227
1684 3228
1684 3229
1684 3230
1684 3231
1684 3232
1684 3233
1684 3234
1684 3235
1684 3236
1684 3237
1684 3238
1684 3239
1684 3240
1684 3241
1684 3242
1684 3243
1684 3244
1684 3245
1684 3246
1684 3247
1684 3248
1684 3249
1684 3250
1684 3251
1684 3252
1684 3253
1684 3254
1684 3255
1684 3256
1684 3257
1684 3258
1684 3259
1684 3260
1684 3261
1684 3262
1684 3263
1684 3264
1684 3265
1684 3266
1684 3267
1684 3268
1684 3269
1684 3270
1684 3271
1684 3272
1684 3273
1684 3274
1684 3275
1684 3276
1684 3277
1684 3278
1684 3279
1684 3280
1684 3281
1684 3282
1684 3283
1684 3284
1684 3285
1684 3286
1684 3287
1684 3288
1684 3289
1684 3290
1684 3291
1684 3292
1684 3293
1684 3294
1684 3295
1684 3296
1684 3297
1684 3298
1684 3299
1684 3300
1684 3301
1684 3302
1684 3303
1684 3304
1684 3305
1684 3306
1684 3307
1684 3308
1684 3309
1684 3310
1684 3311
1684 3312
1684 3313
1684 3314
1684 3315
1684 3316
1684 3317
1684 3318
1684 3319
1684 3320
1684 3321
1684 3322
1684 3323
1684 3324
1684 3325
1684 3326
1684 3327
1684 3328
1684 3329
1684 3330
1684 3331
1684 3332
1684 3333
1684 3334
1684 3335
1684 3336
1684 3337
1684 3338
1684 3339
1684 3340
1684 3341
1684 3342
1684 3343
1684 3344
1684 3345
1684 3346
1684 3347
1684 3348
1684 3349
1684 3350
1684 3351
1684 3352
1684 3353
1684 3354
1684 3355
1684 3356
1684 3357
1684 3358
1684 3359
1684 3360
1684 3361
1684 3362
1684 3363
1684 3364
1684 3365
1684 3366
1684 3367
1684 3368
1684 3369
1684 3370
1684 3371
1684 3372
1684 3373
1684 3374
1684 3375
1684 3376
1684 3377
1684 3378
1684 3379
1684 3380
1684 3381
1684 3382
1684 3383
1684 3384
1684 3385
1684 3386
1684 3387
1684 3388
1684 3389
1684 3390
1684 3391
1684 3392
1684 3393
1684 3394
1684 3395
1684 3396
1684 3397
1684 3398
1684 3399
1684 3400
1684 3401
1684 3402
1684 3403
1684 3404
1684 3405
1684 3406
1684 3407
1684 3408
1684 3409
1684 3410
1684 3411
1684 3412
1684 3413
1684 3414
1684 3415
1684 3416
1684 3417
1684 3418
1684 3419
1684 3420
1684 3421
1684 3422
1684 3423
1684 3424
1684 3425
1684 3426
1684 3427
1684 3428
1684 3429
1684 3430
1684 3431
1684 3432
1684 3433
1684 3434
1684 3435
1684 3436
1912 1913
1912 1914
1912 1915
1912 1916
1912 1917
1912 1918
1912 1919
1912 1920
1912 1921
1912 1922
1912 1923
1912 1924
1912 1925
1912 1926
1912 1927
1912 1928
1912 1929
1912 1930
1912 1931
1912 1932
1912 1933
1912 1934
1912 1935
1912 1936
1912 1937
1912 1938
1912 1939
1912 1940
1912 1941
1912 1942
1912 1943
1912 1944
1912 1945
1912 1946
1912 1947
1912 1948
1912 1949
1912 1950
1912 1951
1912 1952
1912 1953
1912 1954
1912 1955
1912 1956
1912 1957
1912 1958
1912 1959
1912 1960
1912 1961
1912 1962
1912 1963
1912 1964
1912 1965
1912 1966
1912 1967
1912 1968
1912 1969
1912 1970
1912 1971
1912 1972
1912 1973
1912 1974
1912 1975
1912 1976
1912 1977
1912 1978
1912 1979
1912 1980
1912 1981
1912 1982
1912 1983
1912 1984
1912 1985
1912 1986
1912 1987
1912 1988
1912 1989
1912 1990
1912 1991
1912 1992
1912 1993
1912 1994
1912 1995
1912 1996
1912 1997
1912 1998
1912 1999
1912 2000
1912 2001
1912 2002
1912 2003
1912 2004
1912 2005
1912 2006
1912 2007
1912 2008
1912 2009
1912 2010
1912 2011
1912 2012
1912 2013
1912 2014
1912 2015
1912 2016
1912 2017
1912 2018
1912 2019
1912 2020
1912 2021
1912 2022
1912 2023
1912 2024
1912 2025
1912 2026
1912 2027
1912 2028
1912 2029
1912 2030
1912 2031
1912 2032
1912 2033
1912 2034
1912 2035
1912 2036
1912 2037
1912 2038
1912 2039
1912 2040
1912 2041
1912 2042
1912 2043
1912 2044
1912 2045
1912 2046
1912 2047
1912 2048
1912 2049
1912 2050
1912 2051
1912 2052
1912 2053
1912 2054
1912 2055
1912 2056
1912 2057
1912 2058
1912 2059
1912 2060
1912 2061
1912 2062
1912 2063
1912 2064
1912 2065
1912 2066
1912 2067
1912 2068
1912 2069
1912 2070
1912 2071
1912 2072
1912 2073
1912 2074
1912 2075
1912 2076
1912 2077
1912 2078
1912 2079
1912 2080
1912 2081
1912 2082
1912 2083
1912 2084
1912 2085
1912 2086
1912 2087
1912 2088
1912 2089
1912 2090
1912 2091
1912 2092
1912 2093
1912 2094
1912 2095
1912 2096
1912 2097
1912 2098
1912 2099
1912 2100
1912 2101
1912 2102
1912 2103
1912 2104
1912 2105
1912 2106
1912 2107
1912 2108
1912 2109
1912 2110
1912 2111
1912 2112
1912 2113
1912 2114
1912 2115
1912 2116
1912 2117
1912 2118
1912 2119
1912 2120
1912 2121
1912 2122
1912 2123
1912 2124
1912 2125
1912 2126
1912 2127
1912 2128
1912 2129
1912 2130
1912 2131
1912 2132
1912 2133
1912 2134
1912 2135
1912 2136
1912 2137
1912 2138
1912 2139
1912 2140
1912 2141
1912 2142
1912 2143
1912 2144
1912 2145
1912 2146
1912 2147
1912 2148
1912 2149
1912 2150
1912 2151
1912 2152
1912 2153
1912 2154
1912 2155
1912 2156
1912 2157
1912 2158
1912 2159
1912 2160
1912 2161
1912 2162
1912 2163
1912 2164
1912 2165
1912 2166
1912 2167
1912 2168
1912 2169
1912 2170
1912 2171
1912 2172
1912 2173
1912 2174
1912 2175
1912 2176
1912 2177
1912 2178
1912 2179
1912 2180
1912 2181
1912 2182
1912 2183
1912 2184
1912 2185
1912 2186
1912 2187
1912 2188
1912 2189
1912 2190
1912 2191
1912 2192
1912 2193
1912 2194
1912 2195
1912 2196
1912 2197
1912 2198
1912 2199
1912 2200
1912 2201
1912 2202
1912 2203
1912 2204
1912 2205
1912 2206
1912 2207
1912 2208
1912 2209
1912 2210
1912 2211
1912 2212
1912 2213
1912 2214
1912 2215
1912 2216
1912 2217
1912 2218
1912 2219
1912 2220
1912 2221
1912 2222
1912 2223
1912 2224
1912 2225
1912 2226
1912 2227
1912 2228
1912 2229
1912 2230
1912 2231
1912 2232
1912 2233
1912 2234
1912 2235
1912 2236
1912 2237
1912 2238
1912 2239
1912 2240
1912 2241
1912 2242
1912 2243
1912 2244
1912 2245
1912 2246
1912 2247
1912 2248
1912 2249
1912 2250
1912 2251
1912 2252
1912 2253
1912 2254
1912 2255
1912 2256
1912 2257
1912 2258
1912 2259
1912 2260
1912 2261
1912 2262
1912 2263
1912 2264
1912 2265
1912 2266
1912 2267
1912 2268
1912 2269
1912 2270
1912 2271
1912 2272
1912 2273
1912 2274
1912 2275
1912 2276
1912 2277
1912 2278
1912 2279
1912 2280
1912 2281
1912 2282
1912 2283
1912 2284
1912 2285
1912 2286
1912 2287
1912 2288
1912 2289
1912 2290
1912 2291
1912 2292
1912 2293
1912 2294
1912 2295
1912 2296
1912 2297
1912 2298
1912 2299
1912 2300
1912 2301
1912 2302
1912 2303
1912 2304
1912 2305
1912 2306
1912 2307
1912 2308
1912 2309
1912 2310
1912 2311
1912 2312
1912 2313
1912 2314
1912 2315
1912 2316
1912 2317
1912 2318
1912 2319
1912 2320
1912 2321
1912 2322
1912 2323
1912 2324
1912 2325
1912 2326
1912 2327
1912 2328
1912 2329
1912 2330
1912 2331
1912 2332
1912 2333
1912 2334
1912 2335
1912 2336
1912 2337
1912 2338
1912 2339
1912 2340
1912 2341
1912 2342
1912 2343
1912 2344
1912 2345
1912 2346
1912 2347
1912 2348
1912 2349
1912 2350
1912 2351
1912 2352
1912 2353
1912 2354
1912 2355
1912 2356
1912 2357
1912 2358
1912 2359
1912 2360
1912 2361
1912 2362
1912 2363
1912 2364
1912 2365
1912 2366
1912 2367
1912 2368
1912 2369
1912 2370
1912 2371
1912 2372
1912 2373
1912 2374
1912 2375
1912 2376
1912 2377
1912 2378
1912 2379
1912 2380
1912 2381
1912 2382
1912 2383
1912 2384
1912 2385
1912 2386
1912 2387
1912 2388
1912 2389
1912 2390
1912 2391
1912 2392
1912 2393
1912 2394
1912 2395
1912 2396
1912 2397
1912 2398
1912 2399
1912 2400
1912 2401
1912 2402
1912 2403
1912 2404
1912 2405
1912 2406
1912 2407
1912 2408
1912 2409
1912 2410
1912 2411
1912 2412
1912 2413
1912 2414
1912 2415
1912 2416
1912 2417
1912 2418
1912 2419
1912 2420
1912 2421
1912 2422
1912 2423
1912 2424
1912 2425
1912 2426
1912 2427
1912 2428
1912 2429
1912 2430
1912 2431
1912 2432
1912 2433
1912 2434
1912 2435
1912 2436
1912 2437
1912 2438
1912 2439
1912 2440
1912 2441
1912 2442
1912 2443
1912 2444
1912 2445
1912 2446
1912 2447
1912 2448
1912 2449
1912 2450
1912 2451
1912 2452
1912 2453
1912 2454
1912 2455
1912 2456
1912 2457
1912 2458
1912 2459
1912 2460
1912 2461
1912 2462
1912 2463
1912 2464
1912 2465
1912 2466
1912 2467
1912 2468
1912 2469
1912 2470
1912 2471
1912 2472
1912 2473
1912 2474
1912 2475
1912 2476
1912 2477
1912 2478
1912 2479
1912 2480
1912 2481
1912 2482
1912 2483
1912 2484
1912 2485
1912 2486
1912 2487
1912 2488
1912 2489
1912 2490
1912 2491
1912 2492
1912 2493
1912 2494
1912 2495
1912 2496
1912 2497
1912 2498
1912 2499
1912 2500
1912 2501
1912 2502
1912 2503
1912 2504
1912 2505
1912 2506
1912 2507
1912 2508
1912 2509
1912 2510
1912 2511
1912 2512
1912 2513
1912 2514
1912 2515
1912 2516
1912 2517
1912 2518
1912 2519
1912 2520
1912 2521
1912 2522
1912 2523
1912 2524
1912 2525
1912 2526
1912 2527
1912 2528
1912 2529
1912 2530
1912 2531
1912 2532
1912 2533
1912 2534
1912 2535
1912 2536
1912 2537
1912 2538
1912 2539
1912 2540
1912 2541
1912 2542
1912 2543
1912 2544
1912 2545
1912 2546
1912 2547
1912 2548
1912 2549
1912 2550
1912 2551
1912 2552
1912 2553
1912 2554
1912 2555
1912 2556
1912 2557
1912 2558
1912 2559
1912 2560
1912 2561
1912 2562
1912 2563
1912 2564
1912 2565
1912 2566
1912 2567
1912 2568
1912 2569
1912 2570
1912 2571
1912 2572
1912 2573
1912 2574
1912 2575
1912 2576
1912 2577
1912 2578
1912 2579
1912 2580
1912 2581
1912 2582
1912 2583
1912 2584
1912 2585
1912 2586
1912 2587
1912 2588
1912 2589
1912 2590
1912 2591
1912 2592
1912 2593
1912 2594
1912 2595
1912 2596
1912 2597
1912 2598
1912 2599
1912 2600
1912 2601
1912 2602
1912 2603
1912 2604
1912 2605
1912 2606
1912 2607
1912 2608
1912 2609
1912 2610
1912 2611
1912 2612
1912 2613
1912 2614
1912 2615
1912 2616
1912 2617
1912 2618
1912 2619
1912 2620
1912 2621
1912 2622
1912 2623
1912 2624
1912 2625
1912 2626
1912 2627
1912 2628
1912 2629
1912 2630
1912 2631
1912 2632
1912 2633
1912 2634
1912 2635
1912 2636
1912 2637
1912 2638
1912 2639
1912 2640
1912 2641
1912 2642
1912 2643
1912 2644
1912 2645
1912 2646
1912 2647
1912 2648
1912 2649
1912 2650
1912 2651
1912 2652
1912 2653
1912 2654
1912 2655
1912 2656
1912 2657
1912 2658
1912 2659
1912 2660
3437 3438
3437 3439
3437 3440
3437 3441
3437 3442
3437 3443
3437 3444
3437 3445
3437 3446
3437 3447
3437 3448
3437 3449
3437 3450
3437 3451
3437 3452
3437 3453
3437 3454
3437 3455
3437 3456
3437 3457
3437 3458
3437 3459
3437 3460
3437 3461
3437 3462
3437 3463
3437 3464
3437 3465
3437 3466
3437 3467
3437 3468
3437 3469
3437 3470
3437 3471
3437 3472
3437 3473
3437 3474
3437 3475
3437 3476
3437 3477
3437 3478
3437 3479
3437 3480
3437 3481
3437 3482
3437 3483
3437 3484
3437 3485
3437 3486
3437 3487
3437 3488
3437 3489
3437 3490
3437 3491
3437 3492
3437 3493
3437 3494
3437 3495
3437 3496
3437 3497
3437 3498
3437 3499
3437 3500
3437 3501
3437 3502
3437 3503
3437 3504
3437 3505
3437 3506
3437 3507
3437 3508
3437 3509
3437 3510
3437 3511
3437 3512
3437 3513
3437 3514
3437 3515
3437 3516
3437 3517
3437 3518
3437 3519
3437 3520
3437 3521
3437 3522
3437 3523
3437 3524
3437 3525
3437 3526
3437 3527
3437 3528
3437 3529
3437 3530
3437 3531
3437 3532
3437 3533
3437 3534
3437 3535
3437 3536
3437 3537
3437 3538
3437 3539
3437 3540
3437 3541
3437 3542
3437 3543
3437 3544
3437 3545
3437 3546
3437 3547
3437 3548
3437 3549
3437 3550
3437 3551
3437 3552
3437 3553
3437 3554
3437 3555
3437 3556
3437 3557
3437 3558
3437 3559
3437 3560
3437 3561
3437 3562
3437 3563
3437 3564
3437 3565
3437 3566
3437 3567
3437 3568
3437 3569
3437 3570
3437 3571
3437 3572
3437 3573
3437 3574
3437 3575
3437 3576
3437 3577
3437 3578
3437 3579
3437 3580
3437 3581
3437 3582
3437 3583
3437 3584
3437 3585
3437 3586
3437 3587
3437 3588
3437 3589
3437 3590
3437 3591
3437 3592
3437 3593
3437 3594
3437 3595
3437 3596
3437 3597
3437 3598
3437 3599
3437 3600
3437 3601
3437 3602
3437 3603
3437 3604
3437 3605
3437 3606
3437 3607
3437 3608
3437 3609
3437 3610
3437 3611
3437 3612
3437 3613
3437 3614
3437 3615
3437 3616
3437 3617
3437 3618
3437 3619
3437 3620
3437 3621
3437 3622
3437 3623
3437 3624
3437 3625
3437 3626
3437 3627
3437 3628
3437 3629
3437 3630
3437 3631
3437 3632
3437 3633
3437 3634
3437 3635
3437 3636
3437 3637
3437 3638
3437 3639
3437 3640
3437 3641
3437 3642
3437 3643
3437 3644
3437 3645
3437 3646
3437 3647
3437 3648
3437 3649
3437 3650
3437 3651
3437 3652
3437 3653
3437 3654
3437 3655
3437 3656
3437 3657
3437 3658
3437 3659
3437 3660
3437 3661
3437 3662
3437 3663
3437 3664
3437 3665
3437 3666
3437 3667
3437 3668
3437 3669
3437 3670
3437 3671
3437 3672
3437 3673
3437 3674
3437 3675
3437 3676
3437 3677
3437 3678
3437 3679
3437 3680
3437 3681
3437 3682
3437 3683
3437 3684
3437 3685
3437 3686
3437 3687
3437 3688
3437 3689
3437 3690
3437 3691
3437 3692
3437 3693
3437 3694
3437 3695
3437 3696
3437 3697
3437 3698
3437 3699
3437 3700
3437 3701
3437 3702
3437 3703
3437 3704
3437 3705
3437 3706
3437 3707
3437 3708
3437 3709
3437 3710
3437 3711
3437 3712
3437 3713
3437 3714
3437 3715
3437 3716
3437 3717
3437 3718
3437 3719
3437 3720
3437 3721
3437 3722
3437 3723
3437 3724
3437 3725
3437 3726
3437 3727
3437 3728
3437 3729
3437 3730
3437 3731
3437 3732
3437 3733
3437 3734
3437 3735
3437 3736
3437 3737
3437 3738
3437 3739
3437 3740
3437 3741
3437 3742
3437 3743
3437 3744
3437 3745
3437 3746
3437 3747
3437 3748
3437 3749
3437 3750
3437 3751
3437 3752
3437 3753
3437 3754
3437 3755
3437 3756
3437 3757
3437 3758
3437 3759
3437 3760
3437 3761
3437 3762
3437 3763
3437 3764
3437 3765
3437 3766
3437 3767
3437 3768
3437 3769
3437 3770
3437 3771
3437 3772
3437 3773
3437 3774
3437 3775
3437 3776
3437 3777
3437 3778
3437 3779
3437 3780
3437 3781
3437 3782
3437 3783
3437 3784
3437 3785
3437 3786
3437 3787
3437 3788
3437 3789
3437 3790
3437 3791
3437 3792
3437 3793
3437 3794
3437 3795
3437 3796
3437 3797
3437 3798
3437 3799
3437 3800
3437 3801
3437 3802
3437 3803
3437 3804
3437 3805
3437 3806
3437 3807
3437 3808
3437 3809
3437 3810
3437 3811
3437 3812
3437 3813
3437 3814
3437 3815
3437 3816
3437 3817
3437 3818
3437 3819
3437 3820
3437 3821
3437 3822
3437 3823
3437 3824
3437 3825
3437 3826
3437 3827
3437 3828
3437 3829
3437 3830
3437 3831
3437 3832
3437 3833
3437 3834
3437 3835
3437 3836
3437 3837
3437 3838
3437 3839
3437 3840
3437 3841
3437 3842
3437 3843
3437 3844
3437 3845
3437 3846
3437 3847
3437 3848
3437 3849
3437 3850
3437 3851
3437 3852
3437 3853
3437 3854
3437 3855
3437 3856
3437 3857
3437 3858
3437 3859
3437 3860
3437 3861
3437 3862
3437 3863
3437 3864
3437 3865
3437 3866
3437 3867
3437 3868
3437 3869
3437 3870
3437 3871
3437 3872
3437 3873
3437 3874
3437 3875
3437 3876
3437 3877
3437 3878
3437 3879
3437 3880
3437 3881
3437 3882
3437 3883
3437 3884
3437 3885
3437 3886
3437 3887
3437 3888
3437 3889
3437 3890
3437 3891
3437 3892
3437 3893
3437 3894
3437 3895
3437 3896
3437 3897
3437 3898
3437 3899
3437 3900
3437 3901
3437 3902
3437 3903
3437 3904
3437 3905
3437 3906
3437 3907
3437 3908
3437 3909
3437 3910
3437 3911
3437 3912
3437 3913
3437 3914
3437 3915
3437 3916
3437 3917
3437 3918
3437 3919
3437 3920
3437 3921
3437 3922
3437 3923
3437 3924
3437 3925
3437 3926
3437 3927
3437 3928
3437 3929
3437 3930
3437 3931
3437 3932
3437 3933
3437 3934
3437 3935
3437 3936
3437 3937
3437 3938
3437 3939
3437 3940
3437 3941
3437 3942
3437 3943
3437 3944
3437 3945
3437 3946
3437 3947
3437 3948
3437 3949
3437 3950
3437 3951
3437 3952
3437 3953
3437 3954
3437 3955
3437 3956
3437 3957
3437 3958
3437 3959
3437 3960
3437 3961
3437 3962
3437 3963
3437 3964
3437 3965
3437 3966
3437 3967
3437 3968
3437 3969
3437 3970
3437 3971
3437 3972
3437 3973
3437 3974
3437 3975
3437 3976
3437 3977
3437 3978
3437 3979
687 688
687 697
687 703
687 718
687 728
687 730
687 739
687 747
687 759
687 764
687 765
687 774
687 777
687 779
687 780
687 783
687 797
687 805
687 807
687 817
687 819
687 820
687 823
687 828
687 830
687 838
687 856
688 694
688 695
688 696
688 697
688 701
688 713
688 719
688 723
688 724
688 726
688 727
688 734
688 739
688 740
688 747
688 751
688 752
688 754
688 756
688 766
688 770
688 771
688 772
688 774
688 777
688 780
688 792
688 800
688 805
688 815
688 819
688 821
688 823
688 824
688 828
688 830
688 834
688 840
688 845
688 847
688 849
688 853
688 856
689 702
689 712
689 714
689 732
689 771
689 789
689 839
690 694
690 713
690 731
690 773
690 784
690 820
690 831
690 853
691 746
691 771
691 782
691 822
691 833
693 695
693 697
693 705
693 713
693 726
693 734
693 778
693 823
693 824
693 828
693 834
693 837
693 844
694 695
694 696
694 697
694 703
694 705
694 706
694 710
694 711
694 713
694 719
694 722
694 724
694 726
694 727
694 731
694 737
694 738
694 745
694 752
694 754
694 756
694 760
694 766
694 772
694 773
694 774
694 780
694 781
694 784
694 795
694 798
694 800
694 805
694 810
694 812
694 815
694 820
694 821
694 823
694 824
694 827
694 828
694 829
694 830
694 831
694 834
694 842
694 845
694 847
694 848
694 853
695 696
695 697
695 700
695 701
695 706
695 711
695 713
695 718
695 719
695 724
695 726
695 734
695 738
695 745
695 751
695 752
695 754
695 760
695 766
695 777
695 778
695 780
695 781
695 784
695 794
695 805
695 810
695 815
695 824
695 829
695 830
695 834
695 840
695 842
695 844
695 847
695 853
696 697
696 711
696 713
696 719
696 724
696 727
696 738
696 739
696 745
696 747
696 773
696 774
696 778
696 780
696 784
696 795
696 805
696 823
696 824
696 828
696 829
696 830
696 834
696 840
696 842
696 845
696 853
699 833
700 745
700 784
700 794
700 795
700 815
701 713
701 724
701 726
701 747
701 754
701 760
701 774
701 777
701 778
701 780
701 781
701 794
701 821
701 830
701 834
701 842
701 845
702 714
702 725
702 732
702 789
702 822
702 839
704 770
704 777
704 799
704 848
705 706
705 713
705 715
705 718
705 719
705 720
705 722
705 724
705 726
705 728
705 731
705 737
705 738
705 739
705 741
705 745
705 747
705 748
705 752
705 754
705 755
705 758
705 759
705 760
705 761
705 762
705 763
705 764
705 770
705 772
705 773
705 778
705 780
705 781
705 784
705 787
705 799
705 800
705 803
705 805
705 807
705 808
705 809
705 810
705 814
705 819
705 820
705 823
705 824
705 827
705 828
705 829
705 830
705 831
705 834
705 835
705 836
705 842
705 843
705 844
705 845
705 847
705 849
705 853
706 713
706 719
706 731
706 745
706 752
706 773
706 784
706 805
706 810
706 815
706 828
706 834
706 847
706 853
707 712
707 714
707 736
707 742
707 746
707 767
707 768
707 816
707 833
709 739
709 754
709 777
709 805
709 819
709 823
709 824
709 828
709 830
709 835
709 838
709 840
709 843
709 848
710 711
710 803
710 805
710 810
710 847
710 853
711 722
711 724
711 727
711 738
711 745
711 752
711 766
711 784
711 795
711 810
711 828
711 829
711 842
711 847
711 853
712 714
712 736
712 742
712 767
712 768
712 782
712 789
712 816
712 822
712 839
714 725
714 732
714 767
714 771
714 789
714 806
714 818
714 822
714 839
715 738
715 745
715 781
715 805
715 814
715 827
715 834
715 842
716 718
716 728
716 741
716 747
716 763
716 770
716 795
716 797
716 799
716 820
716 849
717 798
717 852
717 855
718 719
718 720
718 730
718 745
718 747
718 748
718 758
718 762
718 764
718 770
718 781
718 787
718 793
718 797
718 803
718 805
718 809
718 814
718 815
718 817
718 823
718 827
718 828
718 834
720 730
720 739
720 745
720 755
720 764
720 774
720 781
720 787
720 790
720 793
720 803
720 808
720 809
720 832
721 736
721 848
722 737
722 738
722 745
722 768
722 784
722 820
722 829
722 853
723 727
723 734
723 745
723 766
723 770
723 824
723 826
723 828
723 830
723 849
724 726
724 731
724 734
724 736
724 738
724 742
724 745
724 752
724 754
724 760
724 766
724 773
724 777
724 778
724 781
724 784
724 786
724 794
724 795
724 805
724 814
724 819
724 820
724 821
724 823
724 824
724 826
724 827
724 828
724 829
724 830
724 834
724 842
724 848
724 853
725 732
725 771
725 806
725 818
725 839
726 731
726 745
726 751
726 752
726 754
726 760
726 766
726 773
726 778
726 780
726 781
726 784
726 805
726 812
726 815
726 820
726 821
726 823
726 824
726 828
726 830
726 834
726 844
726 845
726 853
727 752
727 756
727 766
727 770
727 784
727 800
727 805
727 824
727 828
727 830
727 842
727 845
727 846
727 847
727 848
727 849
727 853
727 854
728 730
728 737
728 739
728 741
728 747
728 754
728 759
728 764
728 765
728 773
728 774
728 779
728 780
728 781
728 783
728 787
728 792
728 797
728 803
728 805
728 807
728 809
728 817
728 819
728 820
728 823
728 824
728 828
728 835
728 838
728 843
728 856
730 747
730 763
730 764
730 783
730 787
730 797
730 803
730 849
731 745
731 752
731 766
731 773
731 774
731 781
731 784
731 805
731 810
731 815
731 827
731 828
731 830
731 834
731 847
731 853
732 771
732 788
732 789
732 791
732 802
732 806
732 818
732 822
732 839
733 768
733 782
733 786
733 795
733 829
733 839
734 756
734 760
734 766
734 770
734 778
734 784
734 785
734 803
734 805
734 829
734 842
734 846
734 847
734 849
734 853
735 769
735 800
735 819
735 856
736 742
736 746
736 782
736 788
736 816
736 818
736 833
736 850
737 745
737 773
737 805
737 815
737 820
737 824
737 828
737 830
737 837
737 843
738 745
738 751
738 752
738 760
738 774
738 781
738 784
738 794
738 795
738 805
738 813
738 826
738 829
738 842
738 853
739 740
739 747
739 754
739 757
739 758
739 764
739 774
739 777
739 780
739 787
739 792
739 793
739 797
739 805
739 807
739 819
739 823
739 824
739 828
739 840
740 748
740 770
740 817
740 831
740 841
741 747
741 763
741 770
741 781
741 800
741 807
741 820
741 823
741 827
741 828
741 835
741 836
742 746
742 759
742 768
742 786
742 789
742 829
743 782
743 833
744 848
746 782
746 816
746 833
748 758
748 764
748 770
748 779
748 787
748 793
748 797
748 817
748 830
748 831
748 849
749 757
750 770
751 784
751 795
751 828
751 830
751 842
752 759
752 766
752 773
752 774
752 781
752 784
752 800
752 805
752 810
752 815
752 820
752 823
752 824
752 827
752 828
752 829
752 830
752 831
752 834
752 842
752 847
752 853
754 773
754 777
754 779
754 780
754 792
754 805
754 815
754 821
754 823
754 824
754 828
754 830
754 835
754 838
754 840
754 848
755 758
755 781
755 783
755 787
755 793
755 797
755 808
755 809
755 814
755 827
755 836
755 845
755 849
756 805
756 826
756 827
756 847
757 775
758 781
758 783
758 787
758 793
758 808
758 809
758 814
758 817
758 827
758 836
758 849
759 766
759 828
760 766
760 781
760 784
760 794
760 800
760 805
760 814
760 820
760 823
760 824
760 827
760 828
760 829
760 830
760 834
760 842
761 772
761 800
761 805
761 827
761 842
761 848
762 781
762 799
762 805
762 810
762 814
762 827
762 842
763 770
763 787
763 797
763 803
763 804
763 820
763 836
763 849
764 779
764 781
764 783
764 787
764 793
764 797
764 805
764 807
764 809
764 817
764 823
764 824
764 827
764 828
764 838
764 843
765 779
765 780
765 792
765 807
765 823
765 835
765 843
765 856
766 771
766 780
766 784
766 800
766 805
766 810
766 815
766 820
766 823
766 824
766 826
766 827
766 828
766 830
766 834
766 847
766 849
766 853
767 768
767 796
767 822
767 839
768 786
768 789
768 816
768 822
768 833
768 839
770 772
770 777
770 781
770 783
770 797
770 799
770 803
770 820
770 824
770 828
770 845
770 849
771 789
771 791
771 802
771 806
771 818
771 839
771 850
773 774
773 780
773 781
773 784
773 810
773 815
773 820
773 821
773 823
773 824
773 827
773 828
773 829
773 831
773 834
773 836
773 842
773 847
773 853
777 779
777 780
777 824
777 829
777 830
778 812
778 819
778 828
778 830
778 834
778 844
779 780
779 792
779 807
779 823
779 824
779 828
779 835
779 838
779 840
780 792
780 803
780 805
780 815
780 819
780 823
780 824
780 828
780 830
780 834
780 835
780 838
780 840
780 845
781 783
781 784
781 787
781 793
781 794
781 800
781 805
781 809
781 810
781 814
781 815
781 817
781 823
781 824
781 827
781 828
781 829
781 830
781 834
781 836
781 842
781 849
781 853
782 786
782 804
782 813
782 829
782 833
783 787
783 793
783 797
783 809
783 817
783 820
783 827
783 849
784 794
784 795
784 800
784 810
784 813
784 824
784 826
784 827
784 828
784 829
784 834
784 842
784 853
784 854
785 846
786 813
786 829
786 833
787 793
787 797
787 803
787 808
787 809
787 814
787 817
787 823
787 827
787 836
787 849
788 806
789 806
789 818
789 833
789 839
790 832
791 796
791 806
791 818
791 822
792 803
792 805
792 807
792 815
792 819
792 823
792 824
792 828
792 830
792 835
792 837
792 838
792 850
793 797
793 808
793 809
793 817
793 836
793 849
793 850
794 795
794 842
795 813
795 820
795 829
795 842
795 853
796 806
796 818
796 822
796 829
797 808
797 809
797 817
797 820
797 827
797 828
797 831
797 849
799 813
799 814
799 835
799 845
802 806
802 818
806 818
806 822
806 833
806 839
806 850
807 819
807 823
807 828
807 838
807 843
807 856
808 809
809 817
809 827
812 815
812 824
812 828
812 837
813 833
814 827
814 828
814 829
814 834
814 842
814 853
815 819
815 823
815 824
815 828
815 830
815 834
815 835
815 837
815 838
815 845
815 847
815 853
815 856
816 833
816 850
817 819
817 827
817 828
817 830
817 850
818 822
818 839
820 823
820 824
820 828
820 830
820 831
820 834
820 845
820 848
820 849
820 853
821 836
822 829
822 839
822 850
824 826
824 827
824 828
824 829
824 830
824 834
824 835
824 837
824 838
824 840
824 842
824 843
824 844
824 847
824 848
824 849
824 853
826 828
826 830
826 842
827 828
827 830
827 834
827 842
827 849
827 853
829 834
829 842
829 847
829 853
831 853
834 842
834 844
834 847
834 853
835 837
835 838
836 853
837 840
838 840
838 856
842 853
844 848
845 849
847 853
852 855
3981 3994
3981 3997
3981 3998
3981 4009
3981 4018
3981 4019
3981 4023
3982 3986
3982 3988
3982 3994
3982 3997
3982 3998
3982 4003
3982 4009
3982 4014
3982 4021
3982 4023
3982 4026
3982 4030
3982 4037
3983 4017
3985 3988
3985 3993
3985 3995
3985 4004
3985 4014
3986 4000
3986 4014
3986 4017
3986 4021
3986 4026
3986 4030
3986 4033
3987 4012
3988 3993
3988 3995
3988 4021
3988 4030
3990 4007
3990 4016
3990 4025
3991 4031
3992 4000
3992 4017
3993 3995
3993 4004
3993 4030
3994 3996
3994 3997
3994 3998
3994 4009
3994 4018
3994 4019
3994 4023
3994 4030
3995 4000
3995 4004
3995 4014
3995 4023
3995 4026
3996 4002
3996 4028
3997 3998
3997 4009
3997 4018
3997 4019
3997 4021
3997 4023
3997 4030
3998 3999
3998 4002
3998 4005
3998 4009
3998 4014
3998 4018
3998 4019
3998 4021
3998 4023
3999 4005
3999 4036
4000 4017
4000 4021
4000 4026
4000 4030
4000 4033
4001 4029
4002 4020
4002 4023
4002 4027
4002 4031
4003 4009
4003 4023
4003 4030
4004 4013
4004 4020
4004 4023
4004 4030
4004 4031
4004 4038
4006 4027
4007 4016
4007 4025
4009 4019
4009 4023
4009 4030
4013 4023
4013 4031
4013 4038
4014 4017
4014 4021
4014 4023
4014 4030
4014 4037
4014 4038
4016 4025
4017 4021
4017 4026
4017 4030
4018 4023
4018 4030
4019 4026
4019 4030
4020 4027
4020 4030
4020 4031
4020 4037
4020 4038
4021 4026
4021 4030
4023 4030
4023 4031
4023 4034
4023 4038
4026 4030
4027 4031
4027 4032
4027 4038
