58 107
58 171
58 269
58 1684
58 1912
58 2814
58 2838
58 2885
58 3003
58 3173
58 3290
171 189
171 217
171 904
171 1171
171 1193
171 1297
171 1387
171 1486
171 1549
171 1684
171 2704
171 2740
171 2838
171 2885
171 3003
171 3290
348 349
348 350
348 351
348 352
348 353
348 354
348 355
348 356
348 357
348 358
348 359
348 360
348 361
348 362
348 363
348 364
348 365
348 366
348 367
348 368
348 369
348 370
348 371
348 372
348 373
348 374
348 375
348 376
348 377
348 378
348 379
348 380
348 381
348 382
348 383
348 384
348 385
348 386
348 387
348 388
348 389
348 390
348 391
348 392
348 393
348 394
348 395
348 396
348 397
348 398
348 399
348 400
348 401
348 402
348 403
348 404
348 405
348 406
348 407
348 408
348 409
348 410
348 411
348 412
348 413
348 414
348 415
348 416
348 417
348 418
348 419
348 420
348 421
348 422
348 423
348 424
348 425
348 426
348 427
348 428
348 429
348 430
348 431
348 432
348 433
348 434
348 435
348 436
348 437
348 438
348 439
348 440
348 441
348 442
348 443
348 444
348 445
348 446
348 447
348 448
348 449
348 450
348 451
348 452
348 453
348 454
348 455
348 456
348 457
348 458
348 459
348 460
348 461
348 462
348 463
348 464
348 465
348 466
348 467
348 468
348 469
348 470
348 471
348 472
348 473
348 474
348 475
348 476
348 477
348 478
348 479
348 480
348 481
348 482
348 483
348 484
348 485
348 486
348 487
348 488
348 489
348 490
348 491
348 492
348 493
348 494
348 495
348 496
348 497
348 498
348 499
348 500
348 501
348 502
348 503
348 504
348 505
348 506
348 507
348 508
348 509
348 510
348 511
348 512
348 513
348 514
348 515
348 516
348 517
348 518
348 519
348 520
348 521
348 522
348 523
348 524
348 525
348 526
348 527
348 528
348 529
348 530
348 531
348 532
348 533
348 534
348 535
348 536
348 537
348 538
348 539
348 540
348 541
348 542
348 543
348 544
348 545
348 546
348 547
348 548
348 549
348 550
348 551
348 552
348 553
348 554
348 555
348 556
348 557
348 558
348 559
348 560
348 561
348 562
348 563
348 564
348 565
348 566
348 567
348 568
348 569
348 570
348 571
348 572
348 1025
353 363
353 366
353 370
353 373
353 376
353 388
353 391
353 394
353 400
353 404
353 408
353 409
353 412
353 417
353 419
353 420
353 428
353 430
353 431
353 432
353 446
353 460
353 462
353 471
353 475
353 482
353 483
353 484
353 487
353 492
353 493
353 496
353 497
353 500
353 503
353 513
353 514
353 515
353 517
353 520
353 524
353 526
353 537
353 538
353 540
353 542
353 544
353 559
353 560
353 561
353 566
353 567
353 580
353 601
353 606
353 637
353 641
353 651
353 930
353 936
353 976
353 1012
353 1075
353 1080
353 1114
353 1122
353 1155
353 1237
353 1313
353 1320
353 1349
353 1358
353 1374
353 1397
353 1425
353 1427
353 1475
353 1487
353 1512
353 1514
353 1529
353 1543
353 1574
353 1606
353 1616
353 1645
353 1673
353 1677
353 1679
353 1692
353 1694
353 1740
353 1744
353 1778
353 1790
353 1844
353 1855
353 1878
353 1881
353 1882
366 368
366 373
366 374
366 376
366 378
366 391
366 394
366 395
366 400
366 402
366 404
366 408
366 412
366 417
366 428
366 430
366 431
366 434
366 436
366 438
366 446
366 460
366 475
366 482
366 483
366 484
366 492
366 493
366 496
366 497
366 503
366 513
366 514
366 515
366 517
366 520
366 524
366 526
366 538
366 539
366 542
366 544
366 548
366 553
366 555
366 559
366 566
366 580
366 606
366 637
366 651
366 930
366 936
366 976
366 1001
366 1012
366 1080
366 1113
366 1122
366 1142
366 1155
366 1179
366 1237
366 1300
366 1313
366 1320
366 1349
366 1358
366 1374
366 1397
366 1400
366 1408
366 1427
366 1446
366 1490
366 1512
366 1514
366 1549
366 1574
366 1616
366 1631
366 1645
366 1658
366 1673
366 1692
366 1694
366 1740
366 1767
366 1790
366 1801
366 1844
366 1878
366 1882
376 378
376 387
376 388
376 390
376 391
376 394
376 395
376 396
376 397
376 400
376 402
376 405
376 410
376 412
376 413
376 414
376 417
376 419
376 420
376 423
376 426
376 428
376 431
376 432
376 434
376 436
376 438
376 439
376 442
376 444
376 446
376 450
376 452
376 456
376 458
376 460
376 461
376 463
376 465
376 471
376 473
376 475
376 481
376 482
376 483
376 487
376 488
376 489
376 490
376 491
376 492
376 496
376 497
376 500
376 502
376 506
376 507
376 511
376 513
376 514
376 515
376 517
376 519
376 520
376 523
376 524
376 525
376 526
376 527
376 531
376 538
376 542
376 544
376 545
376 546
376 547
376 548
376 553
376 555
376 556
376 557
376 559
376 561
376 563
376 566
376 567
376 570
376 580
376 586
376 587
376 591
376 604
376 606
376 610
376 614
376 634
376 637
376 645
376 646
376 651
376 652
376 669
376 673
376 676
376 683
376 1095
376 1179
376 1300
376 1313
376 1343
376 1357
376 1358
376 1374
376 1487
376 1536
376 1616
376 1767
376 1777
376 1897
414 422
414 423
414 427
414 428
414 431
414 434
414 436
414 438
414 461
414 465
414 475
414 480
414 483
414 492
414 496
414 500
414 506
414 513
414 514
414 515
414 524
414 542
414 544
414 553
414 556
414 558
414 559
414 561
414 563
414 566
414 567
414 573
414 574
414 575
414 576
414 577
414 578
414 579
414 580
414 581
414 582
414 583
414 584
414 585
414 586
414 587
414 588
414 589
414 590
414 591
414 592
414 593
414 594
414 595
414 596
414 597
414 598
414 599
414 600
414 601
414 602
414 603
414 604
414 605
414 606
414 607
414 608
414 609
414 610
414 611
414 612
414 613
414 614
414 615
414 616
414 617
414 618
414 619
414 620
414 621
414 622
414 623
414 624
414 625
414 626
414 627
414 628
414 629
414 630
414 631
414 632
414 633
414 634
414 635
414 636
414 637
414 638
414 639
414 640
414 641
414 642
414 643
414 644
414 645
414 646
414 647
414 648
414 649
414 650
414 651
414 652
414 653
414 654
414 655
414 656
414 657
414 658
414 659
414 660
414 661
414 662
414 663
414 664
414 665
414 666
414 667
414 668
414 669
414 670
414 671
414 672
414 673
414 674
414 675
414 676
414 677
414 678
414 679
414 680
414 681
414 682
414 683
414 684
414 685
420 430
420 432
420 439
420 451
420 465
420 471
420 483
420 484
420 506
420 507
420 513
420 514
420 524
420 537
420 553
420 556
420 563
420 566
420 567
420 569
420 596
420 936
420 1237
420 1311
420 1673
420 1692
428 430
428 431
428 432
428 434
428 436
428 438
428 444
428 451
428 452
428 456
428 460
428 461
428 463
428 465
428 473
428 475
428 479
428 482
428 484
428 492
428 497
428 500
428 506
428 507
428 508
428 511
428 512
428 513
428 514
428 515
428 517
428 520
428 523
428 524
428 525
428 526
428 542
428 544
428 545
428 549
428 553
428 558
428 559
428 561
428 563
428 567
428 570
428 591
428 594
428 601
428 604
428 606
428 609
428 614
428 641
428 651
428 667
428 669
428 676
428 683
428 915
428 930
428 962
428 1013
428 1109
428 1114
428 1179
428 1210
428 1226
428 1237
428 1300
428 1313
428 1320
428 1358
428 1374
428 1408
428 1425
428 1446
428 1512
428 1536
428 1545
428 1549
428 1574
428 1692
428 1740
428 1777
428 1778
428 1912
475 481
475 482
475 483
475 484
475 487
475 488
475 489
475 490
475 491
475 492
475 496
475 497
475 500
475 502
475 506
475 507
475 513
475 514
475 515
475 517
475 519
475 521
475 523
475 524
475 525
475 527
475 531
475 542
475 544
475 545
475 546
475 547
475 548
475 553
475 555
475 556
475 557
475 559
475 561
475 563
475 565
475 566
475 567
475 580
475 591
475 604
475 606
475 641
475 651
475 676
475 930
475 1122
475 1155
475 1179
475 1237
475 1300
475 1313
475 1320
475 1332
475 1358
475 1374
475 1425
475 1427
475 1435
475 1514
475 1536
475 1545
475 1549
475 1645
475 1673
475 1692
475 1767
475 1844
475 1882
483 484
483 487
483 492
483 493
483 494
483 496
483 497
483 500
483 503
483 506
483 507
483 513
483 514
483 515
483 517
483 520
483 524
483 525
483 526
483 527
483 535
483 537
483 538
483 542
483 544
483 553
483 557
483 559
483 560
483 561
483 563
483 566
483 567
483 580
483 591
483 596
483 601
483 604
483 606
483 614
483 637
483 639
483 641
483 651
483 669
483 671
483 896
483 917
483 919
483 930
483 933
483 936
483 942
483 948
483 954
483 962
483 976
483 984
483 1001
483 1012
483 1014
483 1018
483 1020
483 1025
483 1032
483 1066
483 1080
483 1086
483 1095
483 1099
483 1102
483 1104
483 1108
483 1113
483 1114
483 1122
483 1142
483 1148
483 1155
483 1158
483 1166
483 1179
483 1192
483 1204
483 1210
483 1237
483 1245
483 1261
483 1273
483 1277
483 1281
483 1282
483 1284
483 1294
483 1300
483 1303
483 1309
483 1313
483 1318
483 1320
483 1324
483 1332
483 1349
483 1357
483 1358
483 1373
483 1374
483 1382
483 1392
483 1396
483 1397
483 1400
483 1406
483 1408
483 1425
483 1427
483 1429
483 1446
483 1454
483 1455
483 1464
483 1473
483 1475
483 1487
483 1490
483 1492
483 1495
483 1508
483 1512
483 1514
483 1515
483 1536
483 1543
483 1545
483 1565
483 1574
483 1582
483 1595
483 1606
483 1611
483 1616
483 1625
483 1631
483 1638
483 1645
483 1654
483 1660
483 1661
483 1673
483 1677
483 1679
483 1680
483 1682
483 1692
483 1694
483 1695
483 1706
483 1720
483 1729
483 1732
483 1740
483 1742
483 1744
483 1751
483 1763
483 1766
483 1767
483 1773
483 1778
483 1783
483 1786
483 1790
483 1794
483 1801
483 1812
483 1820
483 1824
483 1828
483 1844
483 1848
483 1850
483 1870
483 1871
483 1875
483 1878
483 1881
483 1882
483 1893
483 1894
483 1899
483 1907
484 493
484 494
484 497
484 500
484 503
484 506
484 511
484 513
484 514
484 515
484 517
484 520
484 525
484 526
484 527
484 536
484 537
484 538
484 544
484 559
484 560
484 566
484 567
484 580
484 606
484 637
484 651
484 913
484 936
484 953
484 968
484 1001
484 1029
484 1080
484 1095
484 1114
484 1122
484 1155
484 1160
484 1173
484 1179
484 1217
484 1223
484 1237
484 1238
484 1300
484 1313
484 1320
484 1349
484 1357
484 1358
484 1374
484 1397
484 1408
484 1422
484 1487
484 1506
484 1512
484 1514
484 1536
484 1543
484 1545
484 1574
484 1598
484 1604
484 1616
484 1620
484 1645
484 1673
484 1677
484 1692
484 1694
484 1740
484 1778
484 1813
484 1882
484 1885
484 1897
517 520
517 524
517 525
517 526
517 527
517 536
517 537
517 538
517 544
517 545
517 553
517 556
517 559
517 561
517 566
517 580
517 601
517 606
517 637
517 651
517 905
517 936
517 976
517 1025
517 1095
517 1114
517 1179
517 1237
517 1268
517 1313
517 1320
517 1358
517 1374
517 1446
517 1487
517 1512
517 1514
517 1543
517 1574
517 1616
517 1645
517 1677
517 1692
517 1694
517 1778
517 1870
526 538
526 553
526 559
526 561
526 566
526 606
526 637
526 651
526 906
526 968
526 993
526 1012
526 1049
526 1054
526 1074
526 1075
526 1078
526 1110
526 1114
526 1128
526 1179
526 1191
526 1209
526 1217
526 1226
526 1237
526 1242
526 1250
526 1265
526 1278
526 1290
526 1320
526 1329
526 1334
526 1344
526 1357
526 1358
526 1367
526 1377
526 1393
526 1407
526 1416
526 1435
526 1444
526 1487
526 1519
526 1528
526 1540
526 1557
526 1574
526 1584
526 1600
526 1609
526 1616
526 1620
526 1630
526 1644
526 1688
526 1710
526 1724
526 1730
526 1740
526 1754
526 1768
526 1778
526 1791
526 1800
526 1861
526 1864
526 1882
563 566
563 567
563 569
563 594
563 604
563 634
563 645
563 1013
563 1070
563 1136
563 1217
563 1338
563 1574
563 1687
563 1688
563 1745
563 1777
563 1808
563 1912
563 1967
566 567
566 580
566 591
566 593
566 637
566 651
566 676
566 936
566 968
566 1128
566 1155
566 1237
566 1313
566 1320
566 1358
566 1435
566 1512
566 1536
566 1574
566 1630
566 1673
566 1692
566 1740
566 1844
567 580
567 590
567 591
567 604
567 610
567 645
567 646
567 651
567 683
567 3437
567 3454
567 3487
567 3723
567 3861
567 3961
580 591
580 601
580 606
580 637
580 641
580 656
580 930
580 931
580 936
580 976
580 1025
580 1080
580 1095
580 1113
580 1122
580 1142
580 1155
580 1179
580 1210
580 1237
580 1294
580 1300
580 1313
580 1318
580 1320
580 1332
580 1349
580 1358
580 1374
580 1427
580 1446
580 1514
580 1543
580 1565
580 1574
580 1606
580 1616
580 1645
580 1673
580 1677
580 1679
580 1692
580 1694
580 1740
580 1743
580 1744
580 1790
580 1844
580 1853
580 1870
580 1878
580 1881
580 1882
601 609
601 629
601 630
601 637
601 644
601 976
601 1122
601 1349
601 1512
601 1645
601 1679
606 614
606 641
606 645
606 669
606 905
606 915
606 917
606 936
606 963
606 968
606 1001
606 1012
606 1052
606 1070
606 1086
606 1110
606 1113
606 1122
606 1179
606 1183
606 1210
606 1300
606 1313
606 1314
606 1318
606 1320
606 1334
606 1349
606 1357
606 1358
606 1371
606 1374
606 1436
606 1444
606 1487
606 1490
606 1512
606 1514
606 1536
606 1548
606 1565
606 1574
606 1606
606 1616
606 1620
606 1645
606 1671
606 1673
606 1674
606 1677
606 1692
606 1699
606 1727
606 1738
606 1744
606 1766
606 1767
606 1778
606 1876
606 1882
606 1897
641 651
641 915
641 930
641 962
641 1060
641 1070
641 1086
641 1113
641 1114
641 1122
641 1179
641 1210
641 1231
641 1235
641 1237
641 1273
641 1300
641 1313
641 1318
641 1320
641 1332
641 1358
641 1374
641 1400
641 1425
641 1436
641 1446
641 1448
641 1459
641 1475
641 1549
641 1565
641 1573
641 1574
641 1606
641 1616
641 1625
641 1671
641 1744
641 1763
641 1766
641 1767
641 1778
641 1830
641 1844
641 1881
641 1882
651 683
651 905
651 936
651 1001
651 1011
651 1012
651 1080
651 1113
651 1122
651 1169
651 1179
651 1223
651 1318
651 1320
651 1357
651 1358
651 1374
651 1408
651 1428
651 1473
651 1487
651 1512
651 1526
651 1536
651 1545
651 1565
651 1574
651 1606
651 1645
651 1673
651 1679
651 1692
651 1709
651 1744
651 1763
651 1767
651 1778
651 1882
908 950
908 1033
908 1077
908 1136
908 1144
908 1187
908 1203
908 1274
908 1307
908 1325
908 1327
908 1337
908 1360
908 1421
908 1433
908 1465
908 1511
908 1518
908 1537
908 1555
908 1567
908 1588
908 1593
908 1615
908 1687
908 1698
908 1719
908 1806
908 1825
908 1866
915 930
915 948
915 962
915 1110
915 1142
915 1155
915 1192
915 1294
915 1408
915 1425
915 1427
915 1446
915 1487
915 1545
915 1549
915 1565
915 1574
915 1602
915 1625
915 1636
915 1671
915 1673
915 1763
915 1766
915 1778
915 1790
915 1801
915 1844
915 1881
915 1897
916 925
916 946
916 947
916 952
916 960
916 966
916 967
916 972
916 978
916 982
916 983
916 993
916 999
916 1004
916 1006
916 1017
916 1026
916 1028
916 1040
916 1047
916 1063
916 1069
916 1076
916 1078
916 1079
916 1086
916 1092
916 1125
916 1149
916 1153
916 1156
916 1163
916 1172
916 1175
916 1182
916 1184
916 1191
916 1199
916 1207
916 1211
916 1214
916 1222
916 1230
916 1238
916 1250
916 1255
916 1256
916 1267
916 1269
916 1271
916 1280
916 1285
916 1287
916 1288
916 1289
916 1290
916 1293
916 1294
916 1302
916 1305
916 1312
916 1329
916 1330
916 1331
916 1335
916 1361
916 1365
916 1370
916 1376
916 1380
916 1390
916 1399
916 1402
916 1409
916 1431
916 1456
916 1471
916 1483
916 1509
916 1516
916 1522
916 1523
916 1524
916 1530
916 1547
916 1551
916 1554
916 1557
916 1559
916 1563
916 1571
916 1580
916 1584
916 1589
916 1597
916 1598
916 1605
916 1610
916 1612
916 1613
916 1614
916 1617
916 1619
916 1621
916 1622
916 1623
916 1632
916 1637
916 1643
916 1662
916 1663
916 1665
916 1668
916 1685
916 1707
916 1712
916 1717
916 1718
916 1730
916 1735
916 1736
916 1746
916 1750
916 1752
916 1753
916 1754
916 1768
916 1791
916 1793
916 1796
916 1799
916 1800
916 1804
916 1809
916 1823
916 1827
916 1835
916 1839
916 1849
916 1861
916 1864
916 1868
916 1879
916 1888
916 1900
916 1902
921 925
921 927
921 934
921 952
921 967
921 980
921 993
921 995
921 1026
921 1048
921 1049
921 1059
921 1078
921 1124
921 1126
921 1128
921 1135
921 1146
921 1164
921 1182
921 1185
921 1195
921 1199
921 1222
921 1230
921 1243
921 1255
921 1269
921 1272
921 1290
921 1291
921 1312
921 1323
921 1329
921 1334
921 1341
921 1352
921 1361
921 1367
921 1369
921 1375
921 1376
921 1377
921 1389
921 1390
921 1391
921 1393
921 1399
921 1404
921 1407
921 1420
921 1431
921 1467
921 1471
921 1509
921 1516
921 1520
921 1522
921 1535
921 1540
921 1551
921 1554
921 1557
921 1563
921 1570
921 1584
921 1589
921 1603
921 1608
921 1612
921 1613
921 1621
921 1622
921 1639
921 1643
921 1663
921 1669
921 1675
921 1683
921 1685
921 1689
921 1714
921 1718
921 1730
921 1734
921 1735
921 1750
921 1753
921 1757
921 1761
921 1765
921 1768
921 1793
921 1813
921 1823
921 1826
921 1827
921 1833
921 1835
921 1842
921 1845
921 1864
921 1888
921 1891
925 927
925 946
925 967
925 978
925 980
925 993
925 999
925 1003
925 1004
925 1017
925 1047
925 1048
925 1049
925 1054
925 1059
925 1075
925 1076
925 1079
925 1086
925 1092
925 1110
925 1112
925 1124
925 1125
925 1126
925 1132
925 1146
925 1149
925 1172
925 1175
925 1180
925 1181
925 1184
925 1185
925 1196
925 1198
925 1199
925 1209
925 1211
925 1214
925 1222
925 1242
925 1243
925 1250
925 1265
925 1267
925 1269
925 1290
925 1291
925 1302
925 1312
925 1323
925 1334
925 1335
925 1339
925 1340
925 1344
925 1352
925 1365
925 1367
925 1375
925 1376
925 1377
925 1390
925 1399
925 1416
925 1420
925 1431
925 1449
925 1456
925 1460
925 1471
925 1485
925 1491
925 1509
925 1516
925 1520
925 1523
925 1524
925 1530
925 1538
925 1539
925 1547
925 1551
925 1554
925 1557
925 1559
925 1563
925 1570
925 1572
925 1584
925 1589
925 1590
925 1597
925 1598
925 1600
925 1608
925 1610
925 1612
925 1613
925 1614
925 1617
925 1618
925 1620
925 1621
925 1622
925 1623
925 1632
925 1637
925 1639
925 1643
925 1644
925 1653
925 1659
925 1663
925 1668
925 1669
925 1675
925 1683
925 1688
925 1689
925 1710
925 1714
925 1717
925 1718
925 1721
925 1724
925 1730
925 1734
925 1735
925 1736
925 1737
925 1746
925 1750
925 1752
925 1753
925 1757
925 1768
925 1769
925 1771
925 1774
925 1793
925 1795
925 1796
925 1799
925 1800
925 1804
925 1811
925 1813
925 1819
925 1827
925 1833
925 1835
925 1836
925 1842
925 1861
925 1867
925 1877
925 1879
925 1886
925 1888
925 1891
925 1909
930 948
930 962
930 976
930 1080
930 1113
930 1122
930 1142
930 1155
930 1210
930 1294
930 1318
930 1332
930 1349
930 1358
930 1374
930 1400
930 1408
930 1425
930 1427
930 1446
930 1464
930 1514
930 1526
930 1549
930 1565
930 1574
930 1616
930 1625
930 1645
930 1660
930 1671
930 1679
930 1694
930 1695
930 1763
930 1766
930 1773
930 1801
930 1844
930 1870
930 1878
930 1881
930 1882
951 973
951 1033
951 1161
951 1274
951 1325
951 1327
951 1337
951 1445
951 1511
951 1523
951 1540
951 1618
951 1641
951 1656
951 1687
951 1702
951 1718
951 1806
951 1852
962 1064
962 1095
962 1142
962 1210
962 1212
962 1234
962 1235
962 1294
962 1425
962 1453
962 1487
962 1545
962 1549
962 1574
962 1671
962 1677
962 1743
962 1778
962 1831
962 1844
962 1910
990 1419
990 1450
990 1505
990 1534
990 1656
990 1666
990 1674
990 1678
990 1684
990 1726
990 2678
990 2760
990 2822
990 2883
990 2941
990 2968
990 3005
990 3057
990 3136
990 3164
990 3222
990 3245
990 3248
990 3263
990 3278
990 3328
990 3361
1013 1035
1013 1109
1013 1385
1013 1465
1013 1549
1013 1574
1013 1713
1013 1777
1028 1078
1028 1092
1028 1124
1028 1126
1028 1128
1028 1149
1028 1163
1028 1185
1028 1209
1028 1267
1028 1287
1028 1291
1028 1305
1028 1329
1028 1352
1028 1365
1028 1375
1028 1376
1028 1377
1028 1420
1028 1449
1028 1467
1028 1471
1028 1491
1028 1509
1028 1516
1028 1520
1028 1522
1028 1523
1028 1532
1028 1559
1028 1584
1028 1589
1028 1597
1028 1603
1028 1610
1028 1612
1028 1613
1028 1614
1028 1617
1028 1632
1028 1663
1028 1700
1028 1714
1028 1718
1028 1730
1028 1735
1028 1757
1028 1761
1028 1768
1028 1799
1028 1800
1028 1823
1028 1833
1028 1835
1028 1867
1028 1886
1028 1888
1029 1056
1029 1059
1029 1074
1029 1078
1029 1084
1029 1086
1029 1153
1029 1160
1029 1165
1029 1171
1029 1173
1029 1175
1029 1201
1029 1205
1029 1214
1029 1220
1029 1222
1029 1238
1029 1256
1029 1280
1029 1323
1029 1330
1029 1346
1029 1359
1029 1377
1029 1391
1029 1409
1029 1447
1029 1460
1029 1470
1029 1483
1029 1487
1029 1513
1029 1519
1029 1535
1029 1537
1029 1551
1029 1553
1029 1557
1029 1570
1029 1577
1029 1580
1029 1598
1029 1600
1029 1604
1029 1608
1029 1609
1029 1613
1029 1620
1029 1663
1029 1669
1029 1675
1029 1687
1029 1688
1029 1707
1029 1722
1029 1730
1029 1768
1029 1772
1029 1774
1029 1804
1029 1813
1029 1835
1029 1842
1029 1843
1029 1856
1029 1861
1029 1898
1029 1902
1070 1109
1070 1110
1070 1152
1070 1159
1070 1170
1070 1183
1070 1188
1070 1213
1070 1225
1070 1228
1070 1236
1070 1258
1070 1259
1070 1260
1070 1275
1070 1296
1070 1303
1070 1306
1070 1310
1070 1338
1070 1348
1070 1355
1070 1366
1070 1412
1070 1427
1070 1429
1070 1446
1070 1448
1070 1469
1070 1472
1070 1473
1070 1482
1070 1496
1070 1500
1070 1504
1070 1507
1070 1525
1070 1529
1070 1531
1070 1536
1070 1549
1070 1624
1070 1630
1070 1633
1070 1634
1070 1672
1070 1686
1070 1699
1070 1703
1070 1709
1070 1738
1070 1745
1070 1760
1070 1770
1070 1781
1070 1815
1070 1828
1070 1869
1070 1876
1070 1897
1070 1904
1074 1078
1074 1084
1074 1107
1074 1116
1074 1171
1074 1173
1074 1185
1074 1191
1074 1199
1074 1211
1074 1219
1074 1222
1074 1230
1074 1269
1074 1329
1074 1331
1074 1341
1074 1376
1074 1393
1074 1399
1074 1407
1074 1409
1074 1437
1074 1460
1074 1465
1074 1470
1074 1483
1074 1519
1074 1522
1074 1551
1074 1553
1074 1554
1074 1570
1074 1577
1074 1617
1074 1620
1074 1662
1074 1685
1074 1707
1074 1730
1074 1736
1074 1754
1074 1768
1074 1793
1074 1813
1074 1839
1074 1842
1074 1845
1074 1849
1074 1861
1074 1864
1074 1888
1074 1902
1077 1165
1077 1171
1077 1202
1077 1337
1077 1465
1077 1577
1077 1642
1077 1702
1077 1858
1077 1863
1077 1866
1077 1911
1085 1088
1085 1098
1085 1136
1085 1165
1085 1178
1085 1187
1085 1193
1085 1274
1085 1307
1085 1317
1085 1328
1085 1360
1085 1410
1085 1420
1085 1421
1085 1494
1085 1511
1085 1518
1085 1537
1085 1553
1085 1555
1085 1567
1085 1588
1085 1593
1085 1687
1085 1705
1085 1719
1085 1803
1085 1806
1085 1825
1085 1847
1085 1866
1085 3437
1085 3440
1085 3456
1085 3495
1085 3501
1085 3525
1085 3540
1085 3550
1085 3556
1085 3561
1085 3577
1085 3592
1085 3609
1085 3633
1085 3651
1085 3674
1085 3677
1085 3684
1085 3692
1085 3721
1085 3741
1085 3750
1085 3756
1085 3797
1085 3830
1085 3851
1085 3872
1085 3877
1085 3886
1085 3943
1085 3948
1085 3962
1088 1098
1088 1165
1088 1178
1088 1193
1088 1301
1088 1421
1088 1540
1088 1641
1088 1719
1088 1803
1088 1866
1098 1140
1098 1165
1098 1187
1098 1251
1098 1317
1098 1328
1098 1360
1098 1505
1098 1511
1098 1534
1098 1553
1098 1567
1098 1579
1098 1593
1098 1666
1098 1705
1098 1719
1098 1803
1098 1806
1109 1139
1109 1188
1109 1189
1109 1259
1109 1275
1109 1296
1109 1311
1109 1338
1109 1348
1109 1428
1109 1469
1109 1472
1109 1482
1109 1496
1109 1507
1109 1541
1109 1549
1109 1624
1109 1630
1109 1681
1109 1709
1109 1770
1109 1847
1109 1904
1114 1155
1114 1179
1114 1210
1114 1223
1114 1248
1114 1263
1114 1300
1114 1320
1114 1357
1114 1358
1114 1408
1114 1422
1114 1487
1114 1512
1114 1543
1114 1574
1114 1616
1114 1677
1114 1692
1114 1744
1114 1746
1114 1767
1114 1778
1114 1808
1114 1882
1126 1128
1126 1132
1126 1146
1126 1149
1126 1153
1126 1156
1126 1163
1126 1173
1126 1175
1126 1184
1126 1185
1126 1191
1126 1195
1126 1196
1126 1198
1126 1199
1126 1201
1126 1207
1126 1211
1126 1222
1126 1242
1126 1243
1126 1250
1126 1255
1126 1256
1126 1267
1126 1269
1126 1271
1126 1272
1126 1278
1126 1280
1126 1288
1126 1289
1126 1291
1126 1302
1126 1305
1126 1323
1126 1327
1126 1329
1126 1330
1126 1331
1126 1335
1126 1336
1126 1339
1126 1341
1126 1344
1126 1351
1126 1352
1126 1361
1126 1367
1126 1370
1126 1375
1126 1376
1126 1377
1126 1380
1126 1390
1126 1391
1126 1399
1126 1402
1126 1420
1126 1431
1126 1439
1126 1447
1126 1449
1126 1456
1126 1467
1126 1470
1126 1471
1126 1480
1126 1485
1126 1488
1126 1491
1126 1509
1126 1516
1126 1520
1126 1522
1126 1523
1126 1535
1126 1539
1126 1547
1126 1551
1126 1554
1126 1557
1126 1559
1126 1562
1126 1563
1126 1584
1126 1589
1126 1590
1126 1598
1126 1603
1126 1604
1126 1605
1126 1608
1126 1610
1126 1612
1126 1613
1126 1614
1126 1617
1126 1619
1126 1621
1126 1622
1126 1623
1126 1643
1126 1659
1126 1662
1126 1663
1126 1665
1126 1668
1126 1669
1126 1675
1126 1678
1126 1683
1126 1685
1126 1689
1126 1707
1126 1712
1126 1714
1126 1717
1126 1718
1126 1721
1126 1730
1126 1735
1126 1736
1126 1737
1126 1741
1126 1746
1126 1752
1126 1753
1126 1754
1126 1757
1126 1761
1126 1765
1126 1768
1126 1782
1126 1793
1126 1799
1126 1800
1126 1804
1126 1809
1126 1810
1126 1813
1126 1816
1126 1819
1126 1821
1126 1823
1126 1826
1126 1827
1126 1833
1126 1835
1126 1836
1126 1839
1126 1842
1126 1843
1126 1849
1126 1867
1126 1868
1126 1879
1126 1886
1126 1888
1126 1898
1126 1902
1126 1909
1136 1144
1136 1174
1136 1251
1136 1307
1136 1325
1136 1328
1136 1360
1136 1410
1136 1421
1136 1433
1136 1494
1136 1511
1136 1555
1136 1567
1136 1588
1136 1593
1136 1615
1136 1676
1136 1687
1136 1698
1136 1705
1136 1719
1136 1803
1136 1806
1136 1825
1136 1866
1165 1178
1165 1182
1165 1254
1165 1283
1165 1317
1165 1369
1165 1384
1165 1419
1165 1421
1165 1461
1165 1505
1165 1561
1165 1641
1165 1718
1165 1719
1165 1758
1165 1866
1171 1173
1171 1182
1171 1297
1171 1387
1171 1450
1171 1465
1171 1486
1171 1534
1171 1642
1171 1684
1171 1883
1171 1908
1171 2677
1171 2826
1171 3290
1173 1180
1173 1191
1173 1199
1173 1201
1173 1205
1173 1214
1173 1219
1173 1222
1173 1238
1173 1243
1173 1256
1173 1271
1173 1280
1173 1323
1173 1329
1173 1330
1173 1331
1173 1335
1173 1359
1173 1377
1173 1388
1173 1389
1173 1390
1173 1391
1173 1409
1173 1431
1173 1447
1173 1460
1173 1470
1173 1483
1173 1487
1173 1509
1173 1517
1173 1519
1173 1520
1173 1522
1173 1527
1173 1534
1173 1535
1173 1539
1173 1551
1173 1553
1173 1554
1173 1557
1173 1559
1173 1570
1173 1577
1173 1580
1173 1584
1173 1590
1173 1604
1173 1605
1173 1608
1173 1609
1173 1610
1173 1613
1173 1620
1173 1637
1173 1639
1173 1663
1173 1665
1173 1669
1173 1674
1173 1675
1173 1688
1173 1698
1173 1707
1173 1717
1173 1722
1173 1730
1173 1741
1173 1768
1173 1772
1173 1791
1173 1793
1173 1800
1173 1804
1173 1811
1173 1813
1173 1826
1173 1842
1173 1861
1173 1867
1173 1868
1173 1879
1173 1888
1173 1898
1173 1900
1173 1902
1178 1369
1178 1419
1178 1461
1178 1641
1178 1758
1178 1803
1178 1866
1179 1210
1179 1223
1179 1237
1179 1300
1179 1320
1179 1349
1179 1357
1179 1358
1179 1374
1179 1400
1179 1512
1179 1545
1179 1574
1179 1606
1179 1616
1179 1631
1179 1645
1179 1673
1179 1692
1179 1740
1179 1744
1179 1767
1179 1778
1179 1882
1182 1185
1182 1191
1182 1195
1182 1243
1182 1255
1182 1265
1182 1269
1182 1312
1182 1329
1182 1334
1182 1352
1182 1369
1182 1376
1182 1377
1182 1391
1182 1399
1182 1405
1182 1420
1182 1431
1182 1509
1182 1522
1182 1528
1182 1539
1182 1554
1182 1559
1182 1570
1182 1584
1182 1589
1182 1603
1182 1608
1182 1609
1182 1612
1182 1613
1182 1617
1182 1637
1182 1639
1182 1643
1182 1663
1182 1669
1182 1675
1182 1714
1182 1718
1182 1730
1182 1753
1182 1757
1182 1761
1182 1768
1182 1782
1182 1804
1182 1835
1182 1851
1182 1888
1187 1328
1187 1360
1187 1410
1187 1511
1187 1553
1187 1567
1187 1588
1187 1593
1187 1615
1187 1698
1187 1705
1187 1719
1187 1803
1187 1806
1187 1866
1193 1387
1193 1505
1193 1585
1193 1838
1196 1197
1196 1272
1196 1305
1196 1449
1196 1467
1196 1485
1196 1563
1196 1612
1196 1618
1196 1663
1196 1718
1196 1735
1196 1753
1196 1769
1196 1774
1196 1799
1196 1836
1196 1845
1196 1852
1197 1368
1197 1441
1197 1544
1197 1718
1197 1788
1197 1851
1210 1212
1210 1226
1210 1268
1210 1294
1210 1300
1210 1318
1210 1320
1210 1332
1210 1358
1210 1408
1210 1425
1210 1427
1210 1446
1210 1549
1210 1565
1210 1574
1210 1606
1210 1671
1210 1692
1210 1740
1210 1743
1210 1744
1210 1766
1210 1767
1210 1778
1210 1831
1210 1844
1217 1247
1217 1258
1217 1334
1217 1338
1217 1343
1217 1364
1217 1366
1217 1408
1217 1435
1217 1444
1217 1453
1217 1473
1217 1482
1217 1487
1217 1492
1217 1525
1217 1536
1217 1540
1217 1569
1217 1575
1217 1584
1217 1620
1217 1630
1217 1658
1217 1699
1217 1738
1217 1794
1217 1807
1217 1818
1217 1885
1217 1888
1217 1897
1217 1910
1226 1246
1226 1259
1226 1311
1226 1320
1226 1348
1226 1415
1226 1428
1226 1469
1226 1472
1226 1482
1226 1496
1226 1507
1226 1536
1226 1541
1226 1630
1226 1679
1226 1681
1226 1709
1226 1770
1226 1778
1226 1847
1237 1313
1237 1318
1237 1320
1237 1332
1237 1349
1237 1358
1237 1374
1237 1390
1237 1397
1237 1420
1237 1427
1237 1464
1237 1473
1237 1487
1237 1512
1237 1514
1237 1526
1237 1543
1237 1574
1237 1616
1237 1673
1237 1677
1237 1692
1237 1744
1237 1746
1237 1763
1237 1766
1237 1778
1237 1800
1237 1833
1237 1853
1237 1882
1274 1307
1274 1325
1274 1433
1274 1445
1274 1511
1274 1553
1274 1567
1274 1588
1274 1593
1274 1615
1274 1656
1274 1687
1274 1698
1274 1708
1274 1806
1274 1825
1274 1866
1274 1908
1289 1291
1289 1335
1289 1352
1289 1367
1289 1390
1289 1399
1289 1431
1289 1437
1289 1471
1289 1483
1289 1491
1289 1530
1289 1547
1289 1551
1289 1577
1289 1584
1289 1589
1289 1598
1289 1603
1289 1604
1289 1612
1289 1613
1289 1617
1289 1619
1289 1622
1289 1632
1289 1643
1289 1663
1289 1665
1289 1668
1289 1707
1289 1714
1289 1730
1289 1736
1289 1750
1289 1768
1289 1791
1289 1795
1289 1804
1289 1809
1289 1823
1289 1827
1289 1833
1289 1839
1289 1842
1289 1864
1289 1879
1289 1886
1289 1888
1300 1313
1300 1320
1300 1349
1300 1357
1300 1358
1300 1374
1300 1427
1300 1514
1300 1574
1300 1606
1300 1645
1300 1673
1300 1694
1300 1740
1300 1744
1307 1325
1307 1360
1307 1421
1307 1433
1307 1494
1307 1511
1307 1553
1307 1555
1307 1567
1307 1588
1307 1593
1307 1615
1307 1687
1307 1698
1307 1705
1307 1708
1307 1806
1307 1825
1307 1866
1312 1329
1312 1352
1312 1361
1312 1367
1312 1369
1312 1376
1312 1391
1312 1398
1312 1405
1312 1420
1312 1431
1312 1467
1312 1485
1312 1513
1312 1520
1312 1522
1312 1544
1312 1557
1312 1563
1312 1570
1312 1584
1312 1589
1312 1590
1312 1603
1312 1612
1312 1613
1312 1614
1312 1617
1312 1621
1312 1622
1312 1637
1312 1663
1312 1675
1312 1685
1312 1714
1312 1717
1312 1718
1312 1730
1312 1734
1312 1736
1312 1750
1312 1765
1312 1768
1312 1793
1312 1795
1312 1819
1312 1827
1312 1833
1312 1835
1312 1846
1312 1864
1312 1879
1312 1883
1312 1888
1313 1320
1313 1358
1313 1374
1313 1427
1313 1446
1313 1512
1313 1543
1313 1565
1313 1660
1313 1671
1313 1673
1313 1692
1313 1694
1313 1844
1313 1878
1317 1369
1317 1505
1317 1534
1317 1561
1317 1564
1317 1567
1317 1641
1317 1656
1317 1701
1317 1803
1317 1838
1320 1332
1320 1349
1320 1357
1320 1358
1320 1374
1320 1400
1320 1425
1320 1427
1320 1512
1320 1514
1320 1545
1320 1565
1320 1574
1320 1606
1320 1616
1320 1625
1320 1645
1320 1673
1320 1677
1320 1679
1320 1692
1320 1694
1320 1695
1320 1740
1320 1744
1320 1766
1320 1767
1320 1778
1320 1844
1320 1870
1320 1882
1327 1337
1327 1352
1327 1361
1327 1369
1327 1384
1327 1390
1327 1435
1327 1518
1327 1520
1327 1523
1327 1540
1327 1561
1327 1563
1327 1597
1327 1600
1327 1618
1327 1626
1327 1656
1327 1663
1327 1683
1327 1689
1327 1702
1327 1718
1327 1769
1327 1774
1327 1800
1327 1813
1327 1819
1327 1836
1327 1852
1327 1858
1327 1909
1327 1911
1328 1410
1328 1421
1328 1494
1328 1511
1328 1593
1328 1676
1328 1687
1328 1705
1328 1803
1328 1825
1334 1341
1334 1343
1334 1352
1334 1361
1334 1376
1334 1377
1334 1389
1334 1391
1334 1393
1334 1409
1334 1420
1334 1431
1334 1435
1334 1467
1334 1471
1334 1473
1334 1492
1334 1509
1334 1516
1334 1520
1334 1525
1334 1535
1334 1540
1334 1551
1334 1554
1334 1559
1334 1563
1334 1569
1334 1570
1334 1584
1334 1589
1334 1603
1334 1608
1334 1612
1334 1613
1334 1620
1334 1621
1334 1630
1334 1637
1334 1658
1334 1663
1334 1669
1334 1675
1334 1685
1334 1718
1334 1730
1334 1734
1334 1735
1334 1753
1334 1761
1334 1765
1334 1768
1334 1782
1334 1793
1334 1794
1334 1807
1334 1813
1334 1818
1334 1823
1334 1827
1334 1833
1334 1835
1334 1844
1334 1888
1334 1891
1334 1897
1338 1355
1338 1357
1338 1366
1338 1373
1338 1435
1338 1469
1338 1472
1338 1473
1338 1482
1338 1496
1338 1504
1338 1525
1338 1536
1338 1549
1338 1624
1338 1630
1338 1686
1338 1699
1338 1703
1338 1709
1338 1725
1338 1745
1338 1756
1338 1783
1338 1785
1338 1807
1338 1815
1338 1828
1338 1869
1338 1876
1338 1906
1352 1361
1352 1367
1352 1369
1352 1375
1352 1376
1352 1377
1352 1380
1352 1390
1352 1391
1352 1399
1352 1416
1352 1420
1352 1431
1352 1437
1352 1439
1352 1447
1352 1449
1352 1456
1352 1467
1352 1471
1352 1484
1352 1485
1352 1488
1352 1491
1352 1509
1352 1516
1352 1520
1352 1522
1352 1523
1352 1528
1352 1530
1352 1535
1352 1539
1352 1540
1352 1542
1352 1547
1352 1551
1352 1554
1352 1557
1352 1559
1352 1563
1352 1570
1352 1572
1352 1580
1352 1584
1352 1589
1352 1590
1352 1597
1352 1598
1352 1600
1352 1603
1352 1604
1352 1605
1352 1608
1352 1609
1352 1610
1352 1612
1352 1613
1352 1614
1352 1617
1352 1619
1352 1620
1352 1621
1352 1622
1352 1623
1352 1637
1352 1639
1352 1643
1352 1644
1352 1659
1352 1662
1352 1663
1352 1665
1352 1668
1352 1669
1352 1675
1352 1683
1352 1685
1352 1688
1352 1689
1352 1707
1352 1712
1352 1714
1352 1717
1352 1718
1352 1721
1352 1724
1352 1730
1352 1734
1352 1735
1352 1736
1352 1737
1352 1741
1352 1746
1352 1750
1352 1752
1352 1753
1352 1757
1352 1761
1352 1765
1352 1768
1352 1772
1352 1780
1352 1782
1352 1791
1352 1793
1352 1795
1352 1799
1352 1800
1352 1804
1352 1809
1352 1810
1352 1811
1352 1813
1352 1816
1352 1819
1352 1823
1352 1826
1352 1827
1352 1833
1352 1835
1352 1839
1352 1842
1352 1845
1352 1846
1352 1849
1352 1860
1352 1861
1352 1867
1352 1868
1352 1879
1352 1886
1352 1888
1352 1891
1352 1898
1352 1902
1352 1911
1358 1374
1358 1397
1358 1400
1358 1425
1358 1427
1358 1446
1358 1463
1358 1473
1358 1490
1358 1512
1358 1514
1358 1543
1358 1545
1358 1565
1358 1574
1358 1606
1358 1616
1358 1631
1358 1645
1358 1660
1358 1671
1358 1673
1358 1677
1358 1679
1358 1692
1358 1694
1358 1695
1358 1740
1358 1744
1358 1763
1358 1766
1358 1767
1358 1790
1358 1844
1358 1878
1358 1881
1358 1882
1360 1410
1360 1433
1360 1494
1360 1511
1360 1553
1360 1555
1360 1561
1360 1567
1360 1579
1360 1588
1360 1593
1360 1615
1360 1678
1360 1687
1360 1698
1360 1705
1360 1708
1360 1719
1360 1726
1360 1803
1360 1806
1360 1847
1360 1866
1361 1376
1361 1377
1361 1388
1361 1390
1361 1391
1361 1398
1361 1399
1361 1402
1361 1409
1361 1420
1361 1431
1361 1440
1361 1447
1361 1456
1361 1458
1361 1465
1361 1470
1361 1488
1361 1509
1361 1516
1361 1520
1361 1540
1361 1542
1361 1547
1361 1551
1361 1554
1361 1557
1361 1559
1361 1563
1361 1570
1361 1577
1361 1584
1361 1589
1361 1603
1361 1604
1361 1605
1361 1610
1361 1612
1361 1614
1361 1619
1361 1621
1361 1626
1361 1637
1361 1644
1361 1662
1361 1663
1361 1668
1361 1669
1361 1674
1361 1702
1361 1707
1361 1714
1361 1717
1361 1718
1361 1722
1361 1723
1361 1730
1361 1736
1361 1741
1361 1753
1361 1768
1361 1791
1361 1793
1361 1796
1361 1800
1361 1805
1361 1811
1361 1813
1361 1833
1361 1835
1361 1839
1361 1842
1361 1843
1361 1849
1361 1858
1361 1863
1361 1867
1361 1868
1361 1879
1361 1888
1361 1891
1361 1898
1361 1902
1361 1909
1361 1911
1369 1405
1369 1420
1369 1460
1369 1461
1369 1471
1369 1505
1369 1509
1369 1522
1369 1523
1369 1559
1369 1561
1369 1563
1369 1589
1369 1590
1369 1608
1369 1617
1369 1644
1369 1656
1369 1663
1369 1718
1369 1726
1369 1757
1369 1769
1369 1779
1369 1780
1369 1835
1369 1836
1369 1846
1369 1851
1369 1852
1374 1400
1374 1487
1374 1512
1374 1574
1374 1599
1374 1616
1374 1645
1374 1673
1374 1692
1374 1694
1374 1767
1374 1790
1374 1844
1376 1377
1376 1390
1376 1391
1376 1393
1376 1399
1376 1405
1376 1416
1376 1420
1376 1431
1376 1447
1376 1460
1376 1467
1376 1471
1376 1485
1376 1491
1376 1509
1376 1513
1376 1516
1376 1520
1376 1522
1376 1523
1376 1528
1376 1539
1376 1547
1376 1551
1376 1554
1376 1557
1376 1559
1376 1563
1376 1570
1376 1584
1376 1589
1376 1590
1376 1597
1376 1600
1376 1603
1376 1608
1376 1609
1376 1610
1376 1612
1376 1613
1376 1617
1376 1621
1376 1622
1376 1623
1376 1632
1376 1637
1376 1639
1376 1643
1376 1653
1376 1659
1376 1662
1376 1663
1376 1669
1376 1675
1376 1683
1376 1685
1376 1689
1376 1707
1376 1714
1376 1717
1376 1718
1376 1721
1376 1724
1376 1730
1376 1735
1376 1736
1376 1737
1376 1741
1376 1746
1376 1750
1376 1752
1376 1753
1376 1757
1376 1761
1376 1765
1376 1768
1376 1774
1376 1782
1376 1789
1376 1791
1376 1793
1376 1795
1376 1799
1376 1800
1376 1804
1376 1810
1376 1811
1376 1813
1376 1816
1376 1819
1376 1823
1376 1826
1376 1827
1376 1833
1376 1835
1376 1839
1376 1842
1376 1846
1376 1851
1376 1864
1376 1867
1376 1879
1376 1888
1376 1891
1376 1902
1405 1467
1405 1485
1405 1509
1405 1513
1405 1544
1405 1590
1405 1612
1405 1614
1405 1622
1405 1637
1405 1639
1405 1684
1405 1765
1405 1779
1405 1835
1405 1846
1405 1851
1405 1860
1405 1883
1405 2724
1405 2752
1405 2775
1405 2869
1405 2892
1405 2962
1405 3001
1405 3019
1405 3100
1405 3162
1405 3168
1405 3233
1405 3295
1405 3304
1405 3331
1405 3366
1405 3404
1405 3406
1405 3412
1408 1453
1408 1549
1408 1574
1408 1575
1408 1602
1408 1673
1408 1740
1408 1807
1408 1818
1408 1844
1408 1878
1408 1882
1408 1885
1408 1897
1410 1421
1410 1433
1410 1494
1410 1555
1410 1593
1410 1676
1410 1687
1410 1705
1410 1803
1410 1825
1410 1866
1419 1437
1419 1440
1419 1594
1419 1674
1419 1684
1419 1702
1419 1758
1419 1780
1419 1843
1419 1858
1419 1883
1419 1909
1419 1911
1419 2813
1419 2971
1419 3034
1419 3178
1419 3410
1419 3420
1420 1422
1420 1431
1420 1456
1420 1467
1420 1483
1420 1485
1420 1491
1420 1509
1420 1513
1420 1516
1420 1520
1420 1522
1420 1523
1420 1530
1420 1538
1420 1551
1420 1554
1420 1557
1420 1559
1420 1563
1420 1570
1420 1571
1420 1580
1420 1584
1420 1589
1420 1590
1420 1597
1420 1603
1420 1612
1420 1613
1420 1614
1420 1619
1420 1621
1420 1622
1420 1632
1420 1637
1420 1659
1420 1663
1420 1665
1420 1669
1420 1675
1420 1683
1420 1689
1420 1707
1420 1714
1420 1717
1420 1721
1420 1730
1420 1735
1420 1736
1420 1746
1420 1750
1420 1752
1420 1753
1420 1761
1420 1765
1420 1768
1420 1772
1420 1782
1420 1795
1420 1796
1420 1799
1420 1800
1420 1813
1420 1819
1420 1823
1420 1827
1420 1833
1420 1835
1420 1839
1420 1846
1420 1864
1420 1867
1420 1879
1420 1886
1420 1888
1420 1891
1420 1902
1421 1433
1421 1494
1421 1555
1421 1567
1421 1615
1421 1687
1421 1705
1421 1719
1421 1803
1421 1825
1421 1866
1425 1478
1425 1545
1425 1549
1425 1574
1425 1625
1425 1633
1425 1671
1425 1743
1425 1773
1425 1778
1425 1801
1425 1831
1425 1844
1440 1523
1440 1537
1440 1590
1440 1594
1440 1626
1440 1639
1440 1702
1440 1718
1440 1780
1440 1805
1440 1817
1440 1843
1440 1852
1440 1858
1440 1863
1440 1865
1440 1883
1440 1909
1440 1911
1446 1514
1446 1549
1446 1565
1446 1574
1446 1616
1446 1645
1446 1692
1446 1694
1446 1695
1446 1744
1446 1763
1446 1766
1446 1773
1446 1778
1446 1790
1446 1882
1450 1505
1450 1534
1450 1561
1450 1656
1450 1666
1450 1678
1450 1684
1450 1726
1450 1792
1450 2968
1450 2976
1450 3011
1450 3179
1450 3245
1450 3263
1450 3278
1450 3289
1458 1467
1458 1480
1458 1488
1458 1590
1458 1665
1458 1718
1458 1768
1458 1769
1458 1774
1458 1782
1458 1805
1458 1817
1458 1845
1458 1846
1458 1852
1458 1863
1465 1483
1465 1577
1465 1702
1465 1718
1465 1883
1465 1912
1465 1920
1465 1941
1465 1945
1465 1948
1465 1959
1465 2007
1465 2028
1465 2032
1465 2042
1465 2047
1465 2053
1465 2054
1465 2065
1465 2068
1465 2081
1465 2087
1465 2102
1465 2111
1465 2117
1465 2125
1465 2128
1465 2132
1465 2134
1465 2135
1465 2138
1465 2148
1465 2149
1465 2153
1465 2169
1465 2180
1465 2183
1465 2187
1465 2191
1465 2194
1465 2196
1465 2198
1465 2199
1465 2203
1465 2223
1465 2239
1465 2247
1465 2250
1465 2264
1465 2266
1465 2267
1465 2268
1465 2279
1465 2282
1465 2283
1465 2285
1465 2289
1465 2292
1465 2293
1465 2302
1465 2315
1465 2319
1465 2327
1465 2328
1465 2332
1465 2333
1465 2336
1465 2338
1465 2347
1465 2351
1465 2368
1465 2372
1465 2384
1465 2385
1465 2398
1465 2399
1465 2420
1465 2458
1465 2491
1465 2496
1465 2501
1465 2508
1465 2509
1465 2510
1465 2512
1465 2516
1465 2530
1465 2533
1465 2542
1465 2543
1465 2547
1465 2555
1465 2567
1465 2592
1465 2597
1465 2598
1465 2608
1465 2629
1465 2642
1465 2643
1465 2649
1483 1498
1483 1517
1483 1535
1483 1551
1483 1570
1483 1571
1483 1580
1483 1584
1483 1589
1483 1597
1483 1598
1483 1604
1483 1605
1483 1609
1483 1613
1483 1619
1483 1621
1483 1632
1483 1637
1483 1663
1483 1665
1483 1669
1483 1685
1483 1707
1483 1714
1483 1722
1483 1723
1483 1730
1483 1736
1483 1741
1483 1746
1483 1768
1483 1772
1483 1793
1483 1800
1483 1809
1483 1813
1483 1816
1483 1826
1483 1832
1483 1835
1483 1842
1483 1849
1483 1868
1483 1879
1483 1888
1483 1898
1483 1902
1485 1509
1485 1520
1485 1554
1485 1559
1485 1563
1485 1612
1485 1618
1485 1637
1485 1644
1485 1659
1485 1718
1485 1730
1485 1735
1485 1753
1485 1769
1485 1774
1485 1782
1485 1799
1485 1813
1485 1827
1485 1835
1485 1836
1485 1845
1485 1846
1485 1891
1494 1511
1494 1555
1494 1567
1494 1588
1494 1593
1494 1615
1494 1676
1494 1687
1494 1705
1494 1803
1494 1825
1505 1528
1505 1534
1505 1552
1505 1561
1505 1593
1505 1656
1505 1666
1505 1674
1505 1684
1505 1701
1505 1758
1505 2678
1505 2725
1505 2734
1505 2760
1505 2764
1505 2826
1505 2883
1505 2964
1505 2968
1505 2976
1505 3005
1505 3011
1505 3019
1505 3020
1505 3062
1505 3079
1505 3164
1505 3165
1505 3168
1505 3205
1505 3245
1505 3258
1505 3278
1505 3386
1505 3409
1509 1513
1509 1516
1509 1517
1509 1520
1509 1528
1509 1551
1509 1554
1509 1559
1509 1563
1509 1570
1509 1584
1509 1589
1509 1590
1509 1603
1509 1604
1509 1608
1509 1609
1509 1610
1509 1612
1509 1613
1509 1617
1509 1621
1509 1622
1509 1639
1509 1643
1509 1659
1509 1663
1509 1669
1509 1675
1509 1683
1509 1689
1509 1718
1509 1730
1509 1735
1509 1746
1509 1752
1509 1761
1509 1765
1509 1768
1509 1774
1509 1791
1509 1795
1509 1799
1509 1800
1509 1804
1509 1823
1509 1827
1509 1833
1509 1835
1509 1839
1509 1842
1509 1861
1509 1864
1509 1886
1509 1888
1509 1891
1509 1901
1511 1553
1511 1555
1511 1567
1511 1615
1511 1656
1511 1676
1511 1687
1511 1698
1511 1705
1511 1806
1511 1825
1511 1866
1512 1543
1512 1616
1512 1660
1512 1673
1512 1694
1512 1740
1512 1767
1512 1790
1512 1878
1513 1522
1513 1528
1513 1535
1513 1584
1513 1590
1513 1621
1513 1622
1513 1637
1513 1639
1513 1718
1513 1730
1513 1765
1513 1779
1513 1782
1513 1791
1513 1835
1513 1842
1513 1846
1513 1851
1513 1852
1513 1883
1518 1537
1518 1567
1518 1620
1518 1683
1518 1774
1518 1866
1522 1528
1522 1530
1522 1532
1522 1547
1522 1551
1522 1553
1522 1554
1522 1557
1522 1559
1522 1563
1522 1570
1522 1584
1522 1589
1522 1590
1522 1600
1522 1603
1522 1604
1522 1608
1522 1609
1522 1612
1522 1613
1522 1617
1522 1620
1522 1621
1522 1622
1522 1632
1522 1639
1522 1643
1522 1659
1522 1663
1522 1668
1522 1669
1522 1683
1522 1685
1522 1688
1522 1689
1522 1707
1522 1712
1522 1714
1522 1718
1522 1730
1522 1735
1522 1746
1522 1750
1522 1752
1522 1761
1522 1765
1522 1768
1522 1791
1522 1795
1522 1799
1522 1800
1522 1804
1522 1816
1522 1821
1522 1823
1522 1826
1522 1827
1522 1833
1522 1835
1522 1839
1522 1842
1522 1845
1522 1851
1522 1864
1522 1868
1522 1877
1522 1879
1522 1886
1522 1888
1522 1898
1523 1532
1523 1540
1523 1554
1523 1557
1523 1572
1523 1600
1523 1609
1523 1617
1523 1618
1523 1621
1523 1622
1523 1632
1523 1659
1523 1663
1523 1674
1523 1683
1523 1689
1523 1718
1523 1723
1523 1724
1523 1746
1523 1750
1523 1768
1523 1780
1523 1795
1523 1800
1523 1811
1523 1819
1523 1827
1523 1835
1523 1852
1523 1863
1523 1867
1523 1877
1523 1891
1523 1911
1534 1577
1534 1642
1534 1666
1534 1674
1534 1684
1534 1687
1534 1701
1534 1758
1534 1825
1534 2693
1534 2764
1534 2822
1534 2883
1534 2979
1534 3101
1534 3222
1534 3245
1534 3248
1534 3263
1534 3265
1534 3278
1534 3361
1534 3385
1536 1574
1536 1629
1536 1630
1536 1633
1536 1634
1536 1686
1536 1690
1536 1692
1536 1699
1536 1703
1536 1709
1536 1725
1536 1727
1536 1738
1536 1770
1536 1787
1536 1807
1536 1876
1536 1881
1536 1897
1536 1906
1537 1567
1537 1613
1537 1806
1537 1856
1540 1554
1540 1557
1540 1569
1540 1584
1540 1597
1540 1600
1540 1618
1540 1622
1540 1630
1540 1652
1540 1669
1540 1683
1540 1689
1540 1699
1540 1711
1540 1717
1540 1718
1540 1730
1540 1800
1540 1807
1540 1813
1540 1818
1540 1819
1540 1827
1540 1845
1540 1864
1540 1867
1540 1877
1540 1891
1540 1909
1545 1574
1545 1654
1545 1679
1545 1696
1545 1743
1545 1762
1545 1767
1545 1778
1545 1831
1545 1844
1545 1853
1545 1910
1549 1565
1549 1574
1549 1624
1549 1625
1549 1671
1549 1695
1549 1703
1549 1740
1549 1763
1549 1766
1549 1773
1549 1778
1549 1801
1549 1844
1553 1555
1553 1570
1553 1579
1553 1615
1553 1620
1553 1688
1553 1698
1553 1768
1553 1791
1553 1806
1553 1825
1553 1847
1553 1861
1553 1908
1555 1561
1555 1567
1555 1579
1555 1588
1555 1593
1555 1615
1555 1656
1555 1676
1555 1678
1555 1687
1555 1705
1555 1719
1555 1726
1555 1803
1555 1806
1555 1825
1555 1847
1555 1866
1567 1588
1567 1593
1567 1615
1567 1687
1567 1698
1567 1705
1567 1719
1567 1803
1567 1806
1567 1825
1567 1847
1567 1866
1574 1616
1574 1625
1574 1645
1574 1677
1574 1679
1574 1692
1574 1695
1574 1740
1574 1744
1574 1763
1574 1766
1574 1773
1574 1778
1574 1870
1574 1882
1577 1618
1577 1666
1577 1718
1577 1912
1577 1913
1577 1916
1577 1920
1577 1932
1577 1940
1577 1941
1577 1945
1577 1947
1577 1948
1577 1954
1577 1959
1577 1994
1577 2002
1577 2007
1577 2010
1577 2026
1577 2028
1577 2032
1577 2038
1577 2039
1577 2042
1577 2047
1577 2052
1577 2053
1577 2054
1577 2062
1577 2068
1577 2071
1577 2072
1577 2081
1577 2087
1577 2101
1577 2102
1577 2111
1577 2117
1577 2125
1577 2127
1577 2128
1577 2132
1577 2133
1577 2134
1577 2135
1577 2137
1577 2138
1577 2143
1577 2144
1577 2148
1577 2149
1577 2151
1577 2153
1577 2163
1577 2169
1577 2174
1577 2176
1577 2180
1577 2183
1577 2187
1577 2189
1577 2191
1577 2194
1577 2196
1577 2198
1577 2199
1577 2203
1577 2215
1577 2223
1577 2224
1577 2239
1577 2241
1577 2246
1577 2247
1577 2250
1577 2264
1577 2267
1577 2268
1577 2273
1577 2279
1577 2282
1577 2283
1577 2285
1577 2289
1577 2292
1577 2293
1577 2294
1577 2295
1577 2298
1577 2302
1577 2315
1577 2319
1577 2327
1577 2328
1577 2332
1577 2333
1577 2336
1577 2338
1577 2343
1577 2344
1577 2347
1577 2351
1577 2355
1577 2368
1577 2372
1577 2377
1577 2384
1577 2385
1577 2389
1577 2394
1577 2398
1577 2413
1577 2417
1577 2419
1577 2420
1577 2436
1577 2445
1577 2451
1577 2458
1577 2461
1577 2463
1577 2465
1577 2468
1577 2471
1577 2472
1577 2475
1577 2491
1577 2498
1577 2502
1577 2508
1577 2509
1577 2510
1577 2511
1577 2512
1577 2516
1577 2519
1577 2529
1577 2533
1577 2543
1577 2544
1577 2547
1577 2555
1577 2567
1577 2582
1577 2588
1577 2589
1577 2592
1577 2594
1577 2597
1577 2598
1577 2605
1577 2608
1577 2609
1577 2616
1577 2617
1577 2629
1577 2642
1577 2643
1577 2649
1577 2653
1588 1593
1588 1676
1588 1678
1588 1687
1588 1705
1588 1719
1588 1803
1588 1806
1588 1847
1588 1866
1590 1608
1590 1612
1590 1613
1590 1614
1590 1617
1590 1621
1590 1637
1590 1639
1590 1643
1590 1663
1590 1714
1590 1717
1590 1718
1590 1735
1590 1736
1590 1765
1590 1768
1590 1782
1590 1793
1590 1800
1590 1804
1590 1819
1590 1835
1590 1846
1590 1851
1590 1863
1590 1879
1590 1883
1590 1886
1590 1888
1590 1902
1593 1687
1593 1705
1593 1708
1593 1758
1593 1784
1593 1787
1593 1803
1593 1806
1593 1825
1593 1866
1617 1621
1617 1632
1617 1637
1617 1643
1617 1662
1617 1663
1617 1668
1617 1669
1617 1689
1617 1700
1617 1707
1617 1714
1617 1717
1617 1718
1617 1730
1617 1735
1617 1741
1617 1746
1617 1750
1617 1754
1617 1789
1617 1791
1617 1793
1617 1799
1617 1800
1617 1804
1617 1813
1617 1816
1617 1826
1617 1827
1617 1833
1617 1835
1617 1845
1617 1849
1617 1851
1617 1864
1617 1877
1617 1886
1617 1888
1618 1622
1618 1717
1618 1718
1618 1819
1618 1827
1618 1836
1618 1877
1621 1622
1621 1623
1621 1637
1621 1643
1621 1652
1621 1659
1621 1662
1621 1663
1621 1668
1621 1669
1621 1675
1621 1683
1621 1685
1621 1689
1621 1707
1621 1714
1621 1717
1621 1718
1621 1721
1621 1730
1621 1734
1621 1735
1621 1736
1621 1741
1621 1746
1621 1750
1621 1752
1621 1753
1621 1757
1621 1761
1621 1765
1621 1768
1621 1782
1621 1789
1621 1791
1621 1793
1621 1799
1621 1800
1621 1804
1621 1809
1621 1810
1621 1813
1621 1819
1621 1823
1621 1826
1621 1827
1621 1833
1621 1835
1621 1839
1621 1842
1621 1849
1621 1867
1621 1868
1621 1879
1621 1886
1621 1888
1621 1891
1621 1902
1626 1674
1626 1683
1626 1702
1626 1718
1626 1774
1626 1780
1626 1800
1626 1805
1626 1813
1626 1817
1626 1851
1626 1858
1626 1863
1626 1865
1626 1883
1626 1909
1626 1911
1642 1670
1642 1674
1642 1684
1642 1908
1642 2677
1642 2693
1642 2725
1642 2764
1642 2822
1642 2903
1642 2938
1642 2941
1642 2999
1642 3201
1642 3263
1642 3319
1642 3355
1642 3361
1656 1666
1656 1684
1656 1687
1656 1702
1656 1726
1656 1806
1656 1852
1656 2764
1656 2826
1656 2883
1656 2964
1656 3057
1656 3097
1656 3164
1656 3165
1656 3263
1656 3278
1663 1665
1663 1668
1663 1669
1663 1675
1663 1683
1663 1688
1663 1689
1663 1697
1663 1707
1663 1712
1663 1714
1663 1717
1663 1718
1663 1721
1663 1723
1663 1724
1663 1730
1663 1734
1663 1735
1663 1736
1663 1741
1663 1746
1663 1750
1663 1752
1663 1753
1663 1757
1663 1761
1663 1768
1663 1772
1663 1782
1663 1789
1663 1791
1663 1793
1663 1795
1663 1796
1663 1799
1663 1800
1663 1804
1663 1809
1663 1811
1663 1813
1663 1816
1663 1819
1663 1823
1663 1826
1663 1827
1663 1833
1663 1835
1663 1839
1663 1842
1663 1849
1663 1851
1663 1861
1663 1867
1663 1868
1663 1877
1663 1879
1663 1886
1663 1888
1663 1891
1663 1898
1663 1902
1663 1909
1666 1684
1666 1726
1666 1792
1666 1822
1666 2707
1666 2869
1666 2883
1666 2968
1666 3020
1666 3100
1666 3111
1666 3186
1666 3222
1666 3245
1666 3258
1666 3263
1666 3278
1666 3289
1687 1698
1687 1705
1687 1708
1687 1719
1687 1803
1687 1806
1687 1825
1687 1866
1688 1689
1688 1710
1688 1721
1688 1724
1688 1730
1688 1737
1688 1745
1688 1746
1688 1750
1688 1752
1688 1754
1688 1768
1688 1771
1688 1791
1688 1795
1688 1800
1688 1804
1688 1811
1688 1813
1688 1816
1688 1827
1688 1845
1688 1861
1688 1864
1688 1867
1688 1877
1688 1881
1688 1885
1692 1724
1692 1763
1692 1767
1692 1808
1692 1881
1697 1702
1697 1718
1697 1806
1697 1909
1702 1718
1702 1722
1702 1780
1702 1805
1702 1806
1702 1813
1702 1817
1702 1845
1702 1858
1702 1863
1702 1865
1702 1909
1702 1911
1705 1719
1705 1803
1705 1825
1705 1866
1718 1769
1718 1780
1718 1782
1718 1817
1718 1835
1718 1836
1718 1846
1718 1852
1718 1863
1718 1909
1718 1911
1718 1912
1718 1916
1718 1920
1718 1926
1718 1932
1718 1940
1718 1945
1718 1947
1718 1948
1718 1954
1718 1955
1718 2003
1718 2007
1718 2010
1718 2028
1718 2031
1718 2032
1718 2038
1718 2042
1718 2052
1718 2054
1718 2068
1718 2071
1718 2072
1718 2081
1718 2087
1718 2102
1718 2111
1718 2117
1718 2125
1718 2127
1718 2132
1718 2133
1718 2143
1718 2144
1718 2148
1718 2149
1718 2151
1718 2153
1718 2155
1718 2169
1718 2174
1718 2176
1718 2180
1718 2185
1718 2187
1718 2189
1718 2196
1718 2198
1718 2199
1718 2203
1718 2223
1718 2224
1718 2239
1718 2241
1718 2246
1718 2247
1718 2250
1718 2254
1718 2264
1718 2267
1718 2268
1718 2282
1718 2283
1718 2289
1718 2292
1718 2294
1718 2319
1718 2325
1718 2328
1718 2330
1718 2333
1718 2336
1718 2343
1718 2344
1718 2368
1718 2394
1718 2399
1718 2419
1718 2436
1718 2451
1718 2461
1718 2463
1718 2471
1718 2475
1718 2491
1718 2498
1718 2508
1718 2509
1718 2510
1718 2511
1718 2512
1718 2529
1718 2543
1718 2547
1718 2555
1718 2582
1718 2588
1718 2589
1718 2598
1718 2616
1718 2617
1718 2629
1718 2642
1718 2643
1718 2649
1718 2653
1719 1803
1719 1825
1719 1847
1726 2678
1726 2744
1726 3057
1726 3164
1726 3179
1726 3222
1726 3263
1726 3385
1740 1744
1740 1766
1740 1778
1740 1882
1745 1770
1745 1830
1758 1787
1758 1835
1758 1837
1758 1858
1758 2677
1758 2764
1758 2813
1758 2825
1758 2979
1758 3205
1758 3432
1769 1774
1769 1799
1769 1836
1769 1845
1778 1882
1780 1800
1780 1817
1780 1858
1780 1909
1782 1799
1782 1800
1782 1804
1782 1826
1782 1833
1782 1835
1782 1842
1782 1851
1782 1886
1782 1888
1782 1909
1803 1847
1803 1866
1806 1825
1806 1866
1806 1908
1817 1846
1817 1858
1817 1863
1817 1909
1817 1911
1835 1839
1835 1842
1835 1845
1835 1851
1835 1861
1835 1864
1835 1867
1835 1883
1835 1888
1835 1891
1835 1902
1836 1852
1846 1851
1846 1883
1847 1866
1852 1863
1863 1879
1863 1883
1863 1888
1863 1909
1863 1911
1909 1911
107 171
107 348
107 353
107 363
107 366
107 376
107 389
107 414
107 420
107 428
107 475
107 483
107 484
107 517
107 526
107 538
107 563
107 566
107 580
107 596
107 601
107 606
107 629
107 637
107 641
107 649
107 651
107 896
107 897
107 898
107 899
107 900
107 901
107 902
107 903
107 904
107 905
107 906
107 907
107 908
107 909
107 910
107 911
107 912
107 913
107 914
107 915
107 916
107 917
107 918
107 919
107 920
107 921
107 922
107 923
107 924
107 925
107 926
107 927
107 928
107 929
107 930
107 931
107 932
107 933
107 934
107 935
107 936
107 937
107 938
107 939
107 940
107 941
107 942
107 943
107 944
107 945
107 946
107 947
107 948
107 949
107 950
107 951
107 952
107 953
107 954
107 955
107 956
107 957
107 958
107 959
107 960
107 961
107 962
107 963
107 964
107 965
107 966
107 967
107 968
107 969
107 970
107 971
107 972
107 973
107 974
107 975
107 976
107 977
107 978
107 979
107 980
107 981
107 982
107 983
107 984
107 985
107 986
107 987
107 988
107 989
107 990
107 991
107 992
107 993
107 994
107 995
107 996
107 997
107 998
107 999
107 1000
107 1001
107 1002
107 1003
107 1004
107 1005
107 1006
107 1007
107 1008
107 1009
107 1010
107 1011
107 1012
107 1013
107 1014
107 1015
107 1016
107 1017
107 1018
107 1019
107 1020
107 1021
107 1022
107 1023
107 1024
107 1025
107 1026
107 1027
107 1028
107 1029
107 1030
107 1031
107 1032
107 1033
107 1034
107 1035
107 1036
107 1037
107 1038
107 1039
107 1040
107 1041
107 1042
107 1043
107 1044
107 1045
107 1046
107 1047
107 1048
107 1049
107 1050
107 1051
107 1052
107 1053
107 1054
107 1055
107 1056
107 1057
107 1058
107 1059
107 1060
107 1061
107 1062
107 1063
107 1064
107 1065
107 1066
107 1067
107 1068
107 1069
107 1070
107 1071
107 1072
107 1073
107 1074
107 1075
107 1076
107 1077
107 1078
107 1079
107 1080
107 1081
107 1082
107 1083
107 1084
107 1085
107 1086
107 1087
107 1088
107 1089
107 1090
107 1091
107 1092
107 1093
107 1094
107 1095
107 1096
107 1097
107 1098
107 1099
107 1100
107 1101
107 1102
107 1103
107 1104
107 1105
107 1106
107 1107
107 1108
107 1109
107 1110
107 1111
107 1112
107 1113
107 1114
107 1115
107 1116
107 1117
107 1118
107 1119
107 1120
107 1121
107 1122
107 1123
107 1124
107 1125
107 1126
107 1127
107 1128
107 1129
107 1130
107 1131
107 1132
107 1133
107 1134
107 1135
107 1136
107 1137
107 1138
107 1139
107 1140
107 1141
107 1142
107 1143
107 1144
107 1145
107 1146
107 1147
107 1148
107 1149
107 1150
107 1151
107 1152
107 1153
107 1154
107 1155
107 1156
107 1157
107 1158
107 1159
107 1160
107 1161
107 1162
107 1163
107 1164
107 1165
107 1166
107 1167
107 1168
107 1169
107 1170
107 1171
107 1172
107 1173
107 1174
107 1175
107 1176
107 1177
107 1178
107 1179
107 1180
107 1181
107 1182
107 1183
107 1184
107 1185
107 1186
107 1187
107 1188
107 1189
107 1190
107 1191
107 1192
107 1193
107 1194
107 1195
107 1196
107 1197
107 1198
107 1199
107 1200
107 1201
107 1202
107 1203
107 1204
107 1205
107 1206
107 1207
107 1208
107 1209
107 1210
107 1211
107 1212
107 1213
107 1214
107 1215
107 1216
107 1217
107 1218
107 1219
107 1220
107 1221
107 1222
107 1223
107 1224
107 1225
107 1226
107 1227
107 1228
107 1229
107 1230
107 1231
107 1232
107 1233
107 1234
107 1235
107 1236
107 1237
107 1238
107 1239
107 1240
107 1241
107 1242
107 1243
107 1244
107 1245
107 1246
107 1247
107 1248
107 1249
107 1250
107 1251
107 1252
107 1253
107 1254
107 1255
107 1256
107 1257
107 1258
107 1259
107 1260
107 1261
107 1262
107 1263
107 1264
107 1265
107 1266
107 1267
107 1268
107 1269
107 1270
107 1271
107 1272
107 1273
107 1274
107 1275
107 1276
107 1277
107 1278
107 1279
107 1280
107 1281
107 1282
107 1283
107 1284
107 1285
107 1286
107 1287
107 1288
107 1289
107 1290
107 1291
107 1292
107 1293
107 1294
107 1295
107 1296
107 1297
107 1298
107 1299
107 1300
107 1301
107 1302
107 1303
107 1304
107 1305
107 1306
107 1307
107 1308
107 1309
107 1310
107 1311
107 1312
107 1313
107 1314
107 1315
107 1316
107 1317
107 1318
107 1319
107 1320
107 1321
107 1322
107 1323
107 1324
107 1325
107 1326
107 1327
107 1328
107 1329
107 1330
107 1331
107 1332
107 1333
107 1334
107 1335
107 1336
107 1337
107 1338
107 1339
107 1340
107 1341
107 1342
107 1343
107 1344
107 1345
107 1346
107 1347
107 1348
107 1349
107 1350
107 1351
107 1352
107 1353
107 1354
107 1355
107 1356
107 1357
107 1358
107 1359
107 1360
107 1361
107 1362
107 1363
107 1364
107 1365
107 1366
107 1367
107 1368
107 1369
107 1370
107 1371
107 1372
107 1373
107 1374
107 1375
107 1376
107 1377
107 1378
107 1379
107 1380
107 1381
107 1382
107 1383
107 1384
107 1385
107 1386
107 1387
107 1388
107 1389
107 1390
107 1391
107 1392
107 1393
107 1394
107 1395
107 1396
107 1397
107 1398
107 1399
107 1400
107 1401
107 1402
107 1403
107 1404
107 1405
107 1406
107 1407
107 1408
107 1409
107 1410
107 1411
107 1412
107 1413
107 1414
107 1415
107 1416
107 1417
107 1418
107 1419
107 1420
107 1421
107 1422
107 1423
107 1424
107 1425
107 1426
107 1427
107 1428
107 1429
107 1430
107 1431
107 1432
107 1433
107 1434
107 1435
107 1436
107 1437
107 1438
107 1439
107 1440
107 1441
107 1442
107 1443
107 1444
107 1445
107 1446
107 1447
107 1448
107 1449
107 1450
107 1451
107 1452
107 1453
107 1454
107 1455
107 1456
107 1457
107 1458
107 1459
107 1460
107 1461
107 1462
107 1463
107 1464
107 1465
107 1466
107 1467
107 1468
107 1469
107 1470
107 1471
107 1472
107 1473
107 1474
107 1475
107 1476
107 1477
107 1478
107 1479
107 1480
107 1481
107 1482
107 1483
107 1484
107 1485
107 1486
107 1487
107 1488
107 1489
107 1490
107 1491
107 1492
107 1493
107 1494
107 1495
107 1496
107 1497
107 1498
107 1499
107 1500
107 1501
107 1502
107 1503
107 1504
107 1505
107 1506
107 1507
107 1508
107 1509
107 1510
107 1511
107 1512
107 1513
107 1514
107 1515
107 1516
107 1517
107 1518
107 1519
107 1520
107 1521
107 1522
107 1523
107 1524
107 1525
107 1526
107 1527
107 1528
107 1529
107 1530
107 1531
107 1532
107 1533
107 1534
107 1535
107 1536
107 1537
107 1538
107 1539
107 1540
107 1541
107 1542
107 1543
107 1544
107 1545
107 1546
107 1547
107 1548
107 1549
107 1550
107 1551
107 1552
107 1553
107 1554
107 1555
107 1556
107 1557
107 1558
107 1559
107 1560
107 1561
107 1562
107 1563
107 1564
107 1565
107 1566
107 1567
107 1568
107 1569
107 1570
107 1571
107 1572
107 1573
107 1574
107 1575
107 1576
107 1577
107 1578
107 1579
107 1580
107 1581
107 1582
107 1583
107 1584
107 1585
107 1586
107 1587
107 1588
107 1589
107 1590
107 1591
107 1592
107 1593
107 1594
107 1595
107 1596
107 1597
107 1598
107 1599
107 1600
107 1601
107 1602
107 1603
107 1604
107 1605
107 1606
107 1607
107 1608
107 1609
107 1610
107 1611
107 1612
107 1613
107 1614
107 1615
107 1616
107 1617
107 1618
107 1619
107 1620
107 1621
107 1622
107 1623
107 1624
107 1625
107 1626
107 1627
107 1628
107 1629
107 1630
107 1631
107 1632
107 1633
107 1634
107 1635
107 1636
107 1637
107 1638
107 1639
107 1640
107 1641
107 1642
107 1643
107 1644
107 1645
107 1646
107 1647
107 1648
107 1649
107 1650
107 1651
107 1652
107 1653
107 1654
107 1655
107 1656
107 1657
107 1658
107 1659
107 1660
107 1661
107 1662
107 1663
107 1664
107 1665
107 1666
107 1667
107 1668
107 1669
107 1670
107 1671
107 1672
107 1673
107 1674
107 1675
107 1676
107 1677
107 1678
107 1679
107 1680
107 1681
107 1682
107 1683
107 1684
107 1685
107 1686
107 1687
107 1688
107 1689
107 1690
107 1691
107 1692
107 1693
107 1694
107 1695
107 1696
107 1697
107 1698
107 1699
107 1700
107 1701
107 1702
107 1703
107 1704
107 1705
107 1706
107 1707
107 1708
107 1709
107 1710
107 1711
107 1712
107 1713
107 1714
107 1715
107 1716
107 1717
107 1718
107 1719
107 1720
107 1721
107 1722
107 1723
107 1724
107 1725
107 1726
107 1727
107 1728
107 1729
107 1730
107 1731
107 1732
107 1733
107 1734
107 1735
107 1736
107 1737
107 1738
107 1739
107 1740
107 1741
107 1742
107 1743
107 1744
107 1745
107 1746
107 1747
107 1748
107 1749
107 1750
107 1751
107 1752
107 1753
107 1754
107 1755
107 1756
107 1757
107 1758
107 1759
107 1760
107 1761
107 1762
107 1763
107 1764
107 1765
107 1766
107 1767
107 1768
107 1769
107 1770
107 1771
107 1772
107 1773
107 1774
107 1775
107 1776
107 1777
107 1778
107 1779
107 1780
107 1781
107 1782
107 1783
107 1784
107 1785
107 1786
107 1787
107 1788
107 1789
107 1790
107 1791
107 1792
107 1793
107 1794
107 1795
107 1796
107 1797
107 1798
107 1799
107 1800
107 1801
107 1802
107 1803
107 1804
107 1805
107 1806
107 1807
107 1808
107 1809
107 1810
107 1811
107 1812
107 1813
107 1814
107 1815
107 1816
107 1817
107 1818
107 1819
107 1820
107 1821
107 1822
107 1823
107 1824
107 1825
107 1826
107 1827
107 1828
107 1829
107 1830
107 1831
107 1832
107 1833
107 1834
107 1835
107 1836
107 1837
107 1838
107 1839
107 1840
107 1841
107 1842
107 1843
107 1844
107 1845
107 1846
107 1847
107 1848
107 1849
107 1850
107 1851
107 1852
107 1853
107 1854
107 1855
107 1856
107 1857
107 1858
107 1859
107 1860
107 1861
107 1862
107 1863
107 1864
107 1865
107 1866
107 1867
107 1868
107 1869
107 1870
107 1871
107 1872
107 1873
107 1874
107 1875
107 1876
107 1877
107 1878
107 1879
107 1880
107 1881
107 1882
107 1883
107 1884
107 1885
107 1886
107 1887
107 1888
107 1889
107 1890
107 1891
107 1892
107 1893
107 1894
107 1895
107 1896
107 1897
107 1898
107 1899
107 1900
107 1901
107 1902
107 1903
107 1904
107 1905
107 1906
107 1907
107 1908
107 1909
107 1910
107 1911
