686 687
686 688
686 689
686 690
686 691
686 692
686 693
686 694
686 695
686 696
686 697
686 698
686 699
686 700
686 701
686 702
686 703
686 704
686 705
686 706
686 707
686 708
686 709
686 710
686 711
686 712
686 713
686 714
686 715
686 716
686 717
686 718
686 719
686 720
686 721
686 722
686 723
686 724
686 725
686 726
686 727
686 728
686 729
686 730
686 731
686 732
686 733
686 734
686 735
686 736
686 737
686 738
686 739
686 740
686 741
686 742
686 743
686 744
686 745
686 746
686 747
686 748
686 749
686 750
686 751
686 752
686 753
686 754
686 755
686 756
686 757
686 758
686 759
686 760
686 761
686 762
686 763
686 764
686 765
686 766
686 767
686 768
686 769
686 770
686 771
686 772
686 773
686 774
686 775
686 776
686 777
686 778
686 779
686 780
686 781
686 782
686 783
686 784
686 785
686 786
686 787
686 788
686 789
686 790
686 791
686 792
686 793
686 794
686 795
686 796
686 797
686 798
686 799
686 800
686 801
686 802
686 803
686 804
686 805
686 806
686 807
686 808
686 809
686 810
686 811
686 812
686 813
686 814
686 815
686 816
686 817
686 818
686 819
686 820
686 821
686 822
686 823
686 824
686 825
686 826
686 827
686 828
686 829
686 830
686 831
686 832
686 833
686 834
686 835
686 836
686 837
686 838
686 839
686 840
686 841
686 842
686 843
686 844
686 845
686 846
686 847
686 848
686 849
686 850
686 851
686 852
686 853
686 854
686 855
686 856
697 698
697 701
697 705
697 708
697 709
697 713
697 719
697 721
697 724
697 726
697 727
697 731
697 745
697 747
697 748
697 753
697 754
697 760
697 765
697 766
697 769
697 772
697 777
697 780
697 781
697 800
697 805
697 815
697 818
697 819
697 820
697 823
697 824
697 827
697 828
697 830
697 834
697 835
697 840
697 842
697 844
697 848
697 849
697 856
697 890
703 705
703 709
703 718
703 719
703 728
703 730
703 739
703 741
703 747
703 748
703 754
703 758
703 759
703 764
703 765
703 779
703 781
703 787
703 792
703 793
703 797
703 805
703 807
703 809
703 815
703 817
703 819
703 820
703 823
703 824
703 827
703 828
703 831
703 835
703 838
703 843
703 845
703 856
703 880
708 713
708 719
708 724
708 730
708 747
708 753
708 755
708 760
708 769
708 774
708 781
708 797
708 800
708 811
708 814
708 819
708 823
708 824
708 827
708 828
708 830
708 840
708 849
708 856
708 869
708 890
713 719
713 721
713 722
713 724
713 726
713 731
713 734
713 736
713 738
713 742
713 745
713 746
713 747
713 748
713 751
713 752
713 760
713 762
713 766
713 772
713 773
713 774
713 777
713 778
713 780
713 781
713 782
713 784
713 787
713 794
713 800
713 805
713 810
713 813
713 814
713 815
713 816
713 817
713 818
713 819
713 823
713 824
713 827
713 828
713 829
713 830
713 831
713 833
713 834
713 840
713 842
713 844
713 845
713 847
713 848
713 850
713 851
713 853
719 720
719 722
719 724
719 726
719 727
719 728
719 731
719 733
719 734
719 737
719 745
719 747
719 752
719 755
719 756
719 759
719 760
719 762
719 764
719 766
719 768
719 772
719 773
719 774
719 781
719 784
719 787
719 794
719 799
719 800
719 805
719 810
719 814
719 815
719 817
719 819
719 820
719 823
719 824
719 827
719 828
719 829
719 830
719 834
719 840
719 842
719 845
719 847
719 848
719 849
719 853
729 753
729 804
729 856
729 861
729 863
729 876
729 878
729 882
729 886
729 888
729 889
745 747
745 751
745 752
745 755
745 758
745 760
745 762
745 773
745 774
745 781
745 784
745 787
745 790
745 794
745 795
745 799
745 800
745 805
745 810
745 813
745 814
745 815
745 817
745 820
745 823
745 824
745 827
745 828
745 829
745 830
745 834
745 842
745 845
745 847
745 853
747 748
747 752
747 753
747 754
747 758
747 763
747 764
747 765
747 769
747 770
747 773
747 774
747 780
747 783
747 792
747 793
747 797
747 800
747 803
747 804
747 805
747 807
747 809
747 810
747 815
747 819
747 820
747 823
747 828
747 830
747 831
747 837
747 838
747 840
747 848
747 849
747 856
747 880
753 769
753 819
753 823
753 856
753 861
753 889
753 890
769 774
769 798
769 800
769 811
769 828
769 856
769 869
769 890
772 781
772 800
772 805
772 814
772 827
772 828
772 845
772 856
774 784
774 800
774 805
774 807
774 810
774 811
774 819
774 820
774 823
774 824
774 828
774 830
774 840
774 843
774 853
774 856
774 869
776 867
776 872
776 873
776 874
776 877
776 885
776 887
798 852
798 855
800 805
800 810
800 811
800 814
800 823
800 827
800 828
800 830
800 834
800 842
800 845
800 851
800 853
800 856
803 820
803 832
803 837
803 840
803 880
804 849
804 856
804 861
804 863
804 876
804 878
804 882
804 886
804 888
804 889
805 807
805 810
805 814
805 815
805 817
805 818
805 819
805 823
805 824
805 827
805 828
805 829
805 830
805 831
805 834
805 837
805 838
805 840
805 842
805 843
805 844
805 847
805 853
805 880
810 814
810 815
810 823
810 827
810 828
810 834
810 842
810 847
810 853
810 856
811 856
811 869
811 890
819 823
819 824
819 827
819 828
819 830
819 834
819 835
819 838
819 840
819 848
819 856
819 880
823 824
823 827
823 828
823 830
823 834
823 835
823 838
823 840
823 843
823 848
823 853
823 856
823 880
825 856
825 864
825 884
825 889
828 829
828 830
828 834
828 835
828 837
828 838
828 840
828 842
828 844
828 845
828 846
828 847
828 848
828 849
828 851
828 853
828 856
828 880
830 834
830 838
830 840
830 844
830 845
830 846
830 847
830 849
830 853
830 856
840 848
840 856
856 861
856 863
856 864
856 869
856 876
856 878
856 882
856 888
856 889
856 893
858 870
858 871
858 881
858 895
859 885
861 863
861 876
861 878
861 888
861 889
863 876
863 878
863 882
863 886
863 888
863 889
864 884
864 893
866 879
866 881
866 894
866 895
867 872
867 873
867 874
867 877
867 885
867 887
869 890
870 871
870 879
870 881
870 894
870 895
871 879
871 881
871 895
872 873
872 874
872 885
872 887
873 874
873 885
874 885
874 887
876 878
876 882
876 886
876 888
876 889
877 885
878 886
878 888
878 889
879 881
879 894
881 895
882 886
882 889
884 893
885 887
886 889
888 889
3980 3981
3980 3982
3980 3983
3980 3984
3980 3985
3980 3986
3980 3987
3980 3988
3980 3989
3980 3990
3980 3991
3980 3992
3980 3993
3980 3994
3980 3995
3980 3996
3980 3997
3980 3998
3980 3999
3980 4000
3980 4001
3980 4002
3980 4003
3980 4004
3980 4005
3980 4006
3980 4007
3980 4008
3980 4009
3980 4010
3980 4011
3980 4012
3980 4013
3980 4014
3980 4015
3980 4016
3980 4017
3980 4018
3980 4019
3980 4020
3980 4021
3980 4022
3980 4023
3980 4024
3980 4025
3980 4026
3980 4027
3980 4028
3980 4029
3980 4030
3980 4031
3980 4032
3980 4033
3980 4034
3980 4035
3980 4036
3980 4037
3980 4038
3989 3991
3989 4011
3989 4013
3989 4038
4011 4031
4031 4038
686 687
686 688
686 689
686 690
686 691
686 692
686 693
686 694
686 695
686 696
686 697
686 698
686 699
686 700
686 701
686 702
686 703
686 704
686 705
686 706
686 707
686 708
686 709
686 710
686 711
686 712
686 713
686 714
686 715
686 716
686 717
686 718
686 719
686 720
686 721
686 722
686 723
686 724
686 725
686 726
686 727
686 728
686 729
686 730
686 731
686 732
686 733
686 734
686 735
686 736
686 737
686 738
686 739
686 740
686 741
686 742
686 743
686 744
686 745
686 746
686 747
686 748
686 749
686 750
686 751
686 752
686 753
686 754
686 755
686 756
686 757
686 758
686 759
686 760
686 761
686 762
686 763
686 764
686 765
686 766
686 767
686 768
686 769
686 770
686 771
686 772
686 773
686 774
686 775
686 776
686 777
686 778
686 779
686 780
686 781
686 782
686 783
686 784
686 785
686 786
686 787
686 788
686 789
686 790
686 791
686 792
686 793
686 794
686 795
686 796
686 797
686 798
686 799
686 800
686 801
686 802
686 803
686 804
686 805
686 806
686 807
686 808
686 809
686 810
686 811
686 812
686 813
686 814
686 815
686 816
686 817
686 818
686 819
686 820
686 821
686 822
686 823
686 824
686 825
686 826
686 827
686 828
686 829
686 830
686 831
686 832
686 833
686 834
686 835
686 836
686 837
686 838
686 839
686 840
686 841
686 842
686 843
686 844
686 845
686 846
686 847
686 848
686 849
686 850
686 851
686 852
686 853
686 854
686 855
686 856
697 698
697 701
697 705
697 708
697 709
697 713
697 719
697 721
697 724
697 726
697 727
697 731
697 745
697 747
697 748
697 753
697 754
697 760
697 765
697 766
697 769
697 772
697 777
697 780
697 781
697 800
697 805
697 815
697 818
697 819
697 820
697 823
697 824
697 827
697 828
697 830
697 834
697 835
697 840
697 842
697 844
697 848
697 849
697 856
697 890
703 705
703 709
703 718
703 719
703 728
703 730
703 739
703 741
703 747
703 748
703 754
703 758
703 759
703 764
703 765
703 779
703 781
703 787
703 792
703 793
703 797
703 805
703 807
703 809
703 815
703 817
703 819
703 820
703 823
703 824
703 827
703 828
703 831
703 835
703 838
703 843
703 845
703 856
703 880
708 713
708 719
708 724
708 730
708 747
708 753
708 755
708 760
708 769
708 774
708 781
708 797
708 800
708 811
708 814
708 819
708 823
708 824
708 827
708 828
708 830
708 840
708 849
708 856
708 869
708 890
713 719
713 721
713 722
713 724
713 726
713 731
713 734
713 736
713 738
713 742
713 745
713 746
713 747
713 748
713 751
713 752
713 760
713 762
713 766
713 772
713 773
713 774
713 777
713 778
713 780
713 781
713 782
713 784
713 787
713 794
713 800
713 805
713 810
713 813
713 814
713 815
713 816
713 817
713 818
713 819
713 823
713 824
713 827
713 828
713 829
713 830
713 831
713 833
713 834
713 840
713 842
713 844
713 845
713 847
713 848
713 850
713 851
713 853
719 720
719 722
719 724
719 726
719 727
719 728
719 731
719 733
719 734
719 737
719 745
719 747
719 752
719 755
719 756
719 759
719 760
719 762
719 764
719 766
719 768
719 772
719 773
719 774
719 781
719 784
719 787
719 794
719 799
719 800
719 805
719 810
719 814
719 815
719 817
719 819
719 820
719 823
719 824
719 827
719 828
719 829
719 830
719 834
719 840
719 842
719 845
719 847
719 848
719 849
719 853
729 753
729 804
729 856
729 861
729 863
729 876
729 878
729 882
729 886
729 888
729 889
745 747
745 751
745 752
745 755
745 758
745 760
745 762
745 773
745 774
745 781
745 784
745 787
745 790
745 794
745 795
745 799
745 800
745 805
745 810
745 813
745 814
745 815
745 817
745 820
745 823
745 824
745 827
745 828
745 829
745 830
745 834
745 842
745 845
745 847
745 853
747 748
747 752
747 753
747 754
747 758
747 763
747 764
747 765
747 769
747 770
747 773
747 774
747 780
747 783
747 792
747 793
747 797
747 800
747 803
747 804
747 805
747 807
747 809
747 810
747 815
747 819
747 820
747 823
747 828
747 830
747 831
747 837
747 838
747 840
747 848
747 849
747 856
747 880
753 769
753 819
753 823
753 856
753 861
753 889
753 890
769 774
769 798
769 800
769 811
769 828
769 856
769 869
769 890
772 781
772 800
772 805
772 814
772 827
772 828
772 845
772 856
774 784
774 800
774 805
774 807
774 810
774 811
774 819
774 820
774 823
774 824
774 828
774 830
774 840
774 843
774 853
774 856
774 869
776 867
776 872
776 873
776 874
776 877
776 885
776 887
798 852
798 855
800 805
800 810
800 811
800 814
800 823
800 827
800 828
800 830
800 834
800 842
800 845
800 851
800 853
800 856
803 820
803 832
803 837
803 840
803 880
804 849
804 856
804 861
804 863
804 876
804 878
804 882
804 886
804 888
804 889
805 807
805 810
805 814
805 815
805 817
805 818
805 819
805 823
805 824
805 827
805 828
805 829
805 830
805 831
805 834
805 837
805 838
805 840
805 842
805 843
805 844
805 847
805 853
805 880
810 814
810 815
810 823
810 827
810 828
810 834
810 842
810 847
810 853
810 856
811 856
811 869
811 890
819 823
819 824
819 827
819 828
819 830
819 834
819 835
819 838
819 840
819 848
819 856
819 880
823 824
823 827
823 828
823 830
823 834
823 835
823 838
823 840
823 843
823 848
823 853
823 856
823 880
825 856
825 864
825 884
825 889
828 829
828 830
828 834
828 835
828 837
828 838
828 840
828 842
828 844
828 845
828 846
828 847
828 848
828 849
828 851
828 853
828 856
828 880
830 834
830 838
830 840
830 844
830 845
830 846
830 847
830 849
830 853
830 856
840 848
840 856
856 861
856 863
856 864
856 869
856 876
856 878
856 882
856 888
856 889
856 893
858 870
858 871
858 881
858 895
859 885
861 863
861 876
861 878
861 888
861 889
863 876
863 878
863 882
863 886
863 888
863 889
864 884
864 893
865 868
866 879
866 881
866 894
866 895
867 872
867 873
867 874
867 877
867 885
867 887
869 890
870 871
870 879
870 881
870 894
870 895
871 879
871 881
871 895
872 873
872 874
872 885
872 887
873 874
873 885
874 885
874 887
876 878
876 882
876 886
876 888
876 889
877 885
878 886
878 888
878 889
879 881
879 894
881 895
882 886
882 889
884 893
885 887
886 889
888 889
3438 3448
3438 3449
3438 3456
3438 3480
3438 3491
3438 3501
3438 3517
3438 3522
3438 3533
3438 3540
3438 3545
3438 3586
3438 3633
3438 3677
3438 3693
3438 3734
3438 3760
3438 3784
3438 3842
3438 3851
3438 3877
3438 3938
3438 3971
3439 3513
3439 3616
3439 3638
3439 3647
3439 3699
3439 3716
3439 3799
3439 3932
3441 3536
3441 3538
3441 3546
3441 3662
3441 3949
3442 3455
3442 3470
3442 3472
3442 3505
3442 3508
3442 3521
3442 3526
3442 3553
3442 3590
3442 3597
3442 3599
3442 3608
3442 3615
3442 3629
3442 3636
3442 3644
3442 3663
3442 3678
3442 3685
3442 3698
3442 3705
3442 3710
3442 3713
3442 3715
3442 3722
3442 3728
3442 3735
3442 3740
3442 3753
3442 3773
3442 3778
3442 3791
3442 3802
3442 3835
3442 3850
3442 3865
3442 3867
3442 3876
3442 3907
3442 3918
3442 3921
3442 3936
3442 3941
3442 3977
3443 3460
3443 3464
3443 3466
3443 3469
3443 3529
3443 3554
3443 3582
3443 3593
3443 3630
3443 3634
3443 3645
3443 3738
3443 3752
3443 3829
3443 3859
3443 3906
3443 3909
3443 3915
3443 3937
3443 3956
3443 3972
3444 3742
3444 3849
3444 3861
3444 3904
3445 3538
3445 3628
3445 3725
3445 3743
3445 3819
3445 3868
3446 3490
3446 3531
3446 3546
3446 3549
3446 3580
3446 3585
3446 3624
3446 3662
3446 3814
3446 3863
3447 3580
3447 3624
3447 3679
3447 3682
3447 3894
3448 3449
3448 3456
3448 3471
3448 3475
3448 3485
3448 3491
3448 3495
3448 3501
3448 3527
3448 3540
3448 3545
3448 3577
3448 3586
3448 3596
3448 3604
3448 3609
3448 3611
3448 3633
3448 3640
3448 3642
3448 3677
3448 3684
3448 3693
3448 3697
3448 3734
3448 3737
3448 3756
3448 3779
3448 3797
3448 3800
3448 3804
3448 3828
3448 3830
3448 3838
3448 3841
3448 3845
3448 3851
3448 3860
3448 3889
3448 3930
3448 3938
3448 3943
3448 3944
3448 3948
3448 3966
3449 3456
3449 3480
3449 3491
3449 3495
3449 3501
3449 3517
3449 3545
3449 3577
3449 3586
3449 3596
3449 3604
3449 3609
3449 3618
3449 3625
3449 3633
3449 3651
3449 3674
3449 3677
3449 3684
3449 3692
3449 3693
3449 3721
3449 3734
3449 3737
3449 3756
3449 3788
3449 3796
3449 3797
3449 3800
3449 3805
3449 3830
3449 3838
3449 3841
3449 3851
3449 3873
3449 3877
3449 3889
3449 3938
3449 3943
3449 3948
3449 3962
3449 3971
3450 3497
3450 3528
3450 3545
3450 3596
3450 3604
3450 3605
3450 3642
3450 3672
3450 3730
3450 3731
3450 3737
3450 3790
3450 3804
3450 3838
3450 3860
3450 3913
3450 3930
3452 3462
3452 3488
3452 3545
3452 3573
3452 3576
3452 3596
3452 3603
3452 3611
3452 3658
3452 3824
3452 3838
3452 3877
3452 3891
3452 3902
3452 3966
3455 3470
3455 3498
3455 3505
3455 3521
3455 3526
3455 3553
3455 3588
3455 3590
3455 3599
3455 3608
3455 3629
3455 3636
3455 3663
3455 3685
3455 3710
3455 3713
3455 3715
3455 3722
3455 3728
3455 3735
3455 3740
3455 3753
3455 3769
3455 3773
3455 3778
3455 3802
3455 3815
3455 3827
3455 3835
3455 3850
3455 3862
3455 3867
3455 3876
3455 3886
3455 3907
3455 3921
3457 3703
3457 3830
3457 3831
3457 3938
3457 3944
3458 3468
3458 3493
3458 3506
3458 3569
3458 3584
3458 3593
3458 3643
3458 3648
3458 3711
3458 3718
3458 3719
3458 3792
3458 3793
3458 3810
3458 3822
3458 3900
3458 3903
3458 3951
3458 3969
3459 3469
3459 3529
3459 3534
3459 3564
3459 3614
3459 3645
3459 3758
3459 3763
3459 3770
3459 3782
3459 3793
3459 3812
3459 3825
3459 3945
3460 3464
3460 3466
3460 3469
3460 3474
3460 3515
3460 3529
3460 3568
3460 3601
3460 3602
3460 3630
3460 3634
3460 3726
3460 3752
3460 3761
3460 3768
3460 3782
3460 3786
3460 3829
3460 3881
3460 3900
3460 3915
3460 3931
3460 3937
3460 3945
3460 3956
3460 3972
3461 3495
3461 3559
3461 3831
3461 3930
3461 3934
3461 3968
3462 3488
3462 3559
3462 3576
3462 3596
3462 3604
3462 3611
3462 3672
3462 3756
3462 3762
3462 3800
3462 3824
3462 3838
3462 3877
3462 3891
3462 3926
3462 3930
3462 3934
3462 3966
3463 3486
3463 3506
3463 3555
3463 3558
3463 3569
3463 3591
3463 3593
3463 3680
3463 3705
3463 3706
3463 3714
3463 3793
3463 3794
3463 3822
3463 3826
3463 3861
3463 3869
3463 3906
3463 3909
3463 3924
3463 3931
3463 3947
3463 3951
3464 3466
3464 3469
3464 3474
3464 3510
3464 3529
3464 3554
3464 3583
3464 3601
3464 3602
3464 3604
3464 3612
3464 3617
3464 3630
3464 3634
3464 3668
3464 3680
3464 3724
3464 3726
3464 3738
3464 3761
3464 3764
3464 3777
3464 3823
3464 3829
3464 3895
3464 3915
3464 3945
3464 3956
3465 3476
3465 3519
3465 3571
3465 3579
3465 3675
3465 3701
3465 3708
3465 3757
3465 3759
3465 3774
3465 3836
3465 3837
3465 3918
3465 3957
3465 3975
3466 3469
3466 3510
3466 3529
3466 3554
3466 3583
3466 3602
3466 3634
3466 3652
3466 3668
3466 3680
3466 3726
3466 3738
3466 3761
3466 3784
3466 3821
3466 3829
3466 3881
3466 3915
3466 3937
3466 3945
3466 3956
3466 3972
3467 3533
3467 3830
3468 3524
3468 3529
3468 3532
3468 3534
3468 3535
3468 3568
3468 3584
3468 3601
3468 3622
3468 3623
3468 3645
3468 3680
3468 3718
3468 3758
3468 3764
3468 3777
3468 3782
3468 3810
3468 3823
3468 3826
3468 3866
3468 3878
3468 3881
3468 3900
3468 3927
3468 3945
3468 3956
3469 3474
3469 3510
3469 3529
3469 3554
3469 3561
3469 3604
3469 3630
3469 3634
3469 3668
3469 3726
3469 3738
3469 3752
3469 3761
3469 3764
3469 3825
3469 3829
3469 3881
3469 3915
3469 3927
3469 3945
3469 3956
3469 3972
3470 3520
3470 3521
3470 3553
3470 3599
3470 3629
3470 3710
3470 3753
3470 3767
3470 3769
3470 3773
3470 3778
3470 3796
3470 3876
3471 3475
3471 3484
3471 3485
3471 3526
3471 3540
3471 3543
3471 3545
3471 3611
3471 3672
3471 3684
3471 3702
3471 3838
3471 3845
3471 3851
3471 3852
3471 3873
3471 3877
3471 3902
3471 3930
3471 3938
3471 3940
3471 3966
3471 3971
3472 3482
3472 3505
3472 3508
3472 3521
3472 3526
3472 3553
3472 3598
3472 3629
3472 3644
3472 3685
3472 3698
3472 3840
3472 3850
3473 3538
3473 3541
3473 3567
3473 3595
3473 3628
3473 3725
3473 3739
3473 3743
3473 3819
3473 3857
3473 3868
3473 3871
3473 3874
3473 3892
3473 3912
3473 3917
3474 3554
3474 3602
3474 3604
3474 3630
3474 3634
3474 3738
3474 3761
3474 3764
3474 3823
3474 3829
3474 3915
3474 3945
3474 3956
3474 3967
3475 3484
3475 3485
3475 3488
3475 3501
3475 3526
3475 3543
3475 3545
3475 3586
3475 3611
3475 3642
3475 3672
3475 3684
3475 3702
3475 3828
3475 3838
3475 3842
3475 3845
3475 3851
3475 3852
3475 3873
3475 3877
3475 3902
3475 3926
3475 3930
3475 3938
3475 3940
3475 3948
3475 3966
3475 3971
3476 3519
3476 3579
3476 3675
3476 3701
3476 3708
3476 3757
3476 3759
3476 3774
3476 3809
3476 3836
3476 3837
3476 3957
3476 3975
3477 3565
3477 3637
3477 3651
3477 3756
3477 3847
3478 3500
3478 3587
3478 3607
3478 3655
3478 3696
3478 3747
3478 3766
3478 3776
3478 3783
3478 3791
3478 3809
3478 3920
3478 3933
3478 3960
3478 3964
3478 3967
3479 3481
3479 3516
3479 3523
3479 3562
3479 3581
3479 3594
3479 3613
3479 3639
3479 3649
3479 3695
3479 3830
3479 3883
3479 3898
3479 3919
3480 3491
3480 3540
3480 3545
3480 3586
3480 3604
3480 3625
3480 3633
3480 3651
3480 3667
3480 3674
3480 3677
3480 3684
3480 3692
3480 3693
3480 3734
3480 3756
3480 3799
3480 3830
3480 3841
3480 3938
3480 3968
3480 3971
3481 3516
3481 3562
3481 3581
3481 3594
3481 3613
3481 3639
3481 3649
3481 3695
3481 3830
3481 3883
3481 3898
3481 3919
3482 3505
3482 3508
3482 3521
3482 3553
3482 3598
3482 3644
3482 3685
3482 3698
3482 3832
3482 3850
3482 3901
3483 3499
3483 3524
3483 3617
3483 3690
3483 3724
3483 3754
3483 3782
3483 3793
3483 3821
3483 3878
3483 3895
3483 3937
3484 3501
3484 3521
3484 3568
3484 3633
3484 3684
3484 3817
3484 3831
3484 3842
3484 3873
3484 3940
3484 3968
3484 3971
3485 3488
3485 3514
3485 3518
3485 3528
3485 3559
3485 3611
3485 3627
3485 3681
3485 3790
3485 3804
3485 3817
3485 3838
3485 3845
3485 3930
3485 3966
3486 3493
3486 3506
3486 3509
3486 3569
3486 3572
3486 3591
3486 3593
3486 3680
3486 3705
3486 3706
3486 3711
3486 3714
3486 3793
3486 3794
3486 3803
3486 3822
3486 3826
3486 3833
3486 3855
3486 3869
3486 3870
3486 3900
3486 3906
3486 3909
3486 3924
3486 3951
3486 3969
3486 3976
3488 3514
3488 3518
3488 3527
3488 3528
3488 3542
3488 3545
3488 3557
3488 3559
3488 3573
3488 3576
3488 3596
3488 3604
3488 3605
3488 3611
3488 3627
3488 3640
3488 3658
3488 3672
3488 3687
3488 3702
3488 3707
3488 3730
3488 3731
3488 3737
3488 3790
3488 3800
3488 3804
3488 3824
3488 3830
3488 3838
3488 3845
3488 3858
3488 3860
3488 3877
3488 3884
3488 3891
3488 3902
3488 3913
3488 3926
3488 3930
3488 3938
3488 3966
3489 3652
3489 3665
3489 3676
3489 3825
3490 3531
3490 3546
3490 3549
3490 3580
3490 3585
3490 3624
3490 3662
3490 3682
3490 3771
3490 3814
3490 3863
3490 3894
3490 3905
3491 3540
3491 3545
3491 3586
3491 3611
3491 3684
3491 3693
3491 3712
3491 3788
3491 3797
3491 3838
3491 3842
3491 3845
3491 3851
3491 3938
3491 3962
3491 3966
3491 3968
3491 3971
3492 3496
3492 3521
3492 3556
3492 3684
3492 3697
3492 3756
3492 3841
3492 3930
3493 3506
3493 3558
3493 3584
3493 3593
3493 3646
3493 3648
3493 3680
3493 3711
3493 3719
3493 3792
3493 3810
3493 3900
3493 3903
3493 3924
3493 3951
3493 3969
3494 3583
3494 3690
3494 3705
3496 3505
3496 3520
3496 3521
3496 3547
3496 3550
3496 3551
3496 3629
3496 3672
3496 3677
3496 3684
3496 3722
3496 3750
3496 3775
3496 3817
3496 3831
3496 3861
3497 3518
3497 3527
3497 3528
3497 3542
3497 3543
3497 3545
3497 3576
3497 3596
3497 3604
3497 3611
3497 3658
3497 3672
3497 3707
3497 3790
3497 3804
3497 3824
3497 3838
3497 3852
3497 3902
3497 3926
3497 3940
3497 3966
3498 3521
3498 3599
3498 3615
3498 3629
3498 3636
3498 3705
3498 3713
3498 3715
3498 3722
3498 3728
3498 3740
3498 3835
3498 3862
3498 3867
3498 3907
3498 3921
3499 3532
3499 3534
3499 3535
3499 3564
3499 3617
3499 3671
3499 3680
3499 3690
3499 3719
3499 3758
3499 3764
3499 3793
3499 3821
3499 3825
3499 3829
3499 3834
3499 3843
3499 3881
3499 3947
3500 3508
3500 3587
3500 3615
3500 3641
3500 3655
3500 3664
3500 3696
3500 3747
3500 3766
3500 3776
3500 3783
3500 3791
3500 3809
3500 3920
3500 3933
3500 3960
3500 3964
3500 3967
3502 3669
3502 3700
3502 3813
3502 3830
3502 3864
3502 3898
3502 3911
3503 3576
3503 3596
3503 3640
3503 3672
3503 3731
3503 3779
3503 3785
3503 3800
3503 3804
3503 3838
3503 3930
3503 3959
3504 3530
3504 3551
3504 3626
3504 3677
3504 3723
3504 3839
3505 3508
3505 3512
3505 3521
3505 3526
3505 3553
3505 3598
3505 3607
3505 3629
3505 3644
3505 3685
3505 3698
3505 3722
3505 3747
3505 3753
3505 3773
3505 3827
3505 3840
3505 3850
3505 3936
3506 3507
3506 3509
3506 3511
3506 3515
3506 3534
3506 3555
3506 3558
3506 3568
3506 3569
3506 3584
3506 3591
3506 3593
3506 3620
3506 3623
3506 3631
3506 3643
3506 3646
3506 3648
3506 3680
3506 3690
3506 3706
3506 3711
3506 3714
3506 3718
3506 3754
3506 3758
3506 3784
3506 3786
3506 3794
3506 3810
3506 3822
3506 3826
3506 3829
3506 3833
3506 3855
3506 3869
3506 3895
3506 3896
3506 3903
3506 3924
3506 3951
3506 3958
3506 3969
3507 3511
3507 3554
3507 3555
3507 3690
3507 3754
3507 3823
3507 3927
3508 3521
3508 3553
3508 3598
3508 3607
3508 3615
3508 3632
3508 3644
3508 3685
3508 3698
3508 3722
3508 3728
3508 3747
3508 3776
3508 3791
3508 3809
3508 3840
3508 3850
3508 3933
3509 3569
3509 3593
3509 3706
3509 3714
3509 3718
3509 3793
3509 3794
3509 3803
3509 3826
3509 3833
3509 3855
3509 3869
3509 3896
3509 3900
3509 3906
3509 3909
3509 3924
3509 3947
3509 3951
3510 3529
3510 3554
3510 3602
3510 3630
3510 3634
3510 3668
3510 3738
3510 3752
3510 3761
3510 3821
3510 3829
3510 3869
3510 3881
3510 3915
3510 3931
3510 3945
3511 3515
3511 3530
3511 3555
3511 3566
3511 3648
3511 3671
3511 3706
3511 3719
3511 3724
3511 3738
3511 3763
3511 3770
3511 3794
3511 3821
3511 3866
3511 3896
3511 3900
3511 3904
3511 3909
3512 3517
3512 3525
3512 3533
3512 3577
3512 3604
3512 3737
3512 3760
3512 3800
3512 3830
3512 3873
3512 3929
3513 3616
3513 3799
3513 3932
3513 3952
3514 3518
3514 3528
3514 3542
3514 3545
3514 3557
3514 3578
3514 3596
3514 3604
3514 3605
3514 3611
3514 3627
3514 3633
3514 3635
3514 3640
3514 3670
3514 3672
3514 3674
3514 3687
3514 3707
3514 3730
3514 3737
3514 3760
3514 3790
3514 3800
3514 3804
3514 3824
3514 3828
3514 3830
3514 3832
3514 3838
3514 3858
3514 3860
3514 3884
3514 3913
3514 3926
3514 3938
3514 3966
3515 3555
3515 3566
3515 3593
3515 3706
3515 3829
3515 3855
3515 3958
3516 3523
3516 3562
3516 3581
3516 3613
3516 3639
3516 3649
3516 3695
3516 3830
3516 3883
3516 3898
3516 3919
3517 3533
3517 3577
3517 3586
3517 3633
3517 3677
3517 3756
3517 3760
3517 3830
3517 3851
3517 3877
3517 3948
3518 3528
3518 3542
3518 3545
3518 3557
3518 3578
3518 3596
3518 3604
3518 3605
3518 3611
3518 3635
3518 3640
3518 3670
3518 3687
3518 3702
3518 3707
3518 3730
3518 3737
3518 3790
3518 3800
3518 3804
3518 3824
3518 3830
3518 3832
3518 3838
3518 3858
3518 3860
3518 3902
3518 3938
3519 3571
3519 3579
3519 3675
3519 3701
3519 3705
3519 3708
3519 3757
3519 3759
3519 3774
3519 3836
3519 3837
3519 3918
3519 3957
3519 3975
3520 3526
3520 3550
3520 3625
3520 3667
3520 3672
3520 3684
3520 3971
3521 3526
3521 3550
3521 3553
3521 3556
3521 3573
3521 3590
3521 3592
3521 3597
3521 3598
3521 3608
3521 3615
3521 3618
3521 3625
3521 3629
3521 3666
3521 3672
3521 3684
3521 3685
3521 3698
3521 3705
3521 3710
3521 3713
3521 3722
3521 3728
3521 3735
3521 3740
3521 3753
3521 3769
3521 3773
3521 3778
3521 3797
3521 3802
3521 3815
3521 3827
3521 3831
3521 3835
3521 3840
3521 3842
3521 3850
3521 3867
3521 3876
3521 3907
3521 3921
3521 3936
3521 3948
3521 3962
3522 3592
3522 3677
3522 3779
3522 3872
3522 3930
3522 3950
3522 3979
3523 3562
3523 3581
3523 3594
3523 3613
3523 3639
3523 3649
3523 3695
3523 3830
3523 3883
3523 3898
3523 3919
3524 3535
3524 3568
3524 3584
3524 3601
3524 3602
3524 3623
3524 3645
3524 3768
3524 3770
3524 3782
3524 3786
3524 3866
3524 3906
3526 3543
3526 3553
3526 3559
3526 3563
3526 3573
3526 3590
3526 3599
3526 3629
3526 3684
3526 3685
3526 3698
3526 3713
3526 3722
3526 3753
3526 3769
3526 3773
3526 3831
3526 3840
3526 3850
3526 3862
3526 3865
3527 3528
3527 3542
3527 3545
3527 3557
3527 3604
3527 3611
3527 3672
3527 3702
3527 3707
3527 3785
3527 3800
3527 3804
3527 3838
3527 3851
3527 3902
3527 3926
3527 3930
3527 3938
3527 3966
3528 3542
3528 3545
3528 3557
3528 3559
3528 3576
3528 3596
3528 3604
3528 3605
3528 3611
3528 3627
3528 3640
3528 3681
3528 3687
3528 3702
3528 3707
3528 3730
3528 3737
3528 3790
3528 3800
3528 3804
3528 3824
3528 3832
3528 3838
3528 3858
3528 3860
3528 3926
3528 3930
3528 3938
3529 3554
3529 3568
3529 3601
3529 3602
3529 3614
3529 3630
3529 3634
3529 3668
3529 3726
3529 3738
3529 3752
3529 3758
3529 3761
3529 3777
3529 3793
3529 3829
3529 3869
3529 3900
3529 3906
3529 3909
3529 3915
3529 3937
3529 3945
3529 3947
3529 3956
3529 3972
3530 3551
3530 3673
3530 3723
3530 3925
3531 3546
3531 3549
3531 3662
3531 3771
3531 3863
3531 3949
3532 3535
3532 3564
3532 3610
3532 3617
3532 3622
3532 3767
3532 3777
3532 3803
3532 3829
3532 3927
3532 3931
3532 3956
3533 3633
3533 3674
3533 3734
3533 3760
3533 3795
3533 3830
3533 3877
3533 3929
3533 3948
3534 3535
3534 3564
3534 3568
3534 3593
3534 3612
3534 3614
3534 3617
3534 3705
3534 3758
3534 3761
3534 3770
3534 3793
3534 3810
3534 3825
3534 3829
3534 3881
3534 3906
3534 3937
3535 3584
3535 3601
3535 3623
3535 3645
3535 3694
3535 3758
3535 3782
3535 3821
3535 3823
3535 3825
3535 3866
3535 3881
3535 3927
3536 3549
3536 3606
3536 3624
3536 3662
3536 3679
3536 3682
3536 3727
3536 3812
3536 3922
3537 3664
3537 3887
3537 3901
3538 3541
3538 3567
3538 3595
3538 3628
3538 3657
3538 3725
3538 3739
3538 3743
3538 3819
3538 3857
3538 3868
3538 3871
3538 3874
3538 3892
3538 3912
3538 3917
3539 3583
3539 3584
3539 3678
3539 3690
3539 3724
3539 3823
3539 3890
3539 3895
3539 3904
3541 3595
3541 3628
3541 3657
3541 3725
3541 3743
3541 3868
3541 3874
3541 3892
3541 3912
3542 3543
3542 3545
3542 3559
3542 3596
3542 3604
3542 3611
3542 3628
3542 3635
3542 3658
3542 3672
3542 3687
3542 3702
3542 3707
3542 3730
3542 3790
3542 3800
3542 3804
3542 3817
3542 3824
3542 3838
3542 3852
3542 3902
3542 3926
3542 3930
3542 3940
3542 3966
3543 3576
3543 3605
3543 3859
3543 3940
3544 3674
3544 3775
3544 3808
3544 3888
3545 3557
3545 3559
3545 3576
3545 3577
3545 3578
3545 3586
3545 3596
3545 3604
3545 3605
3545 3611
3545 3627
3545 3633
3545 3640
3545 3642
3545 3651
3545 3654
3545 3672
3545 3674
3545 3677
3545 3681
3545 3684
3545 3687
3545 3697
3545 3702
3545 3703
3545 3722
3545 3730
3545 3731
3545 3734
3545 3737
3545 3755
3545 3756
3545 3785
3545 3788
3545 3790
3545 3800
3545 3804
3545 3824
3545 3828
3545 3830
3545 3831
3545 3838
3545 3841
3545 3842
3545 3845
3545 3851
3545 3852
3545 3858
3545 3860
3545 3884
3545 3889
3545 3891
3545 3902
3545 3913
3545 3926
3545 3930
3545 3938
3545 3943
3545 3962
3545 3966
3545 3968
3545 3971
3546 3549
3546 3580
3546 3624
3546 3662
3546 3679
3546 3811
3546 3863
3546 3894
3546 3939
3546 3949
3546 3963
3547 3548
3547 3628
3547 3677
3547 3684
3547 3693
3547 3747
3547 3750
3547 3775
3547 3779
3547 3950
3548 3661
3548 3737
3548 3897
3548 3908
3548 3948
3549 3566
3549 3585
3549 3624
3549 3662
3549 3682
3549 3812
3549 3814
3549 3863
3549 3905
3551 3723
3551 3925
3551 3961
3552 3573
3552 3625
3552 3672
3552 3830
3552 3886
3553 3563
3553 3598
3553 3599
3553 3629
3553 3644
3553 3663
3553 3685
3553 3698
3553 3705
3553 3710
3553 3722
3553 3728
3553 3753
3553 3769
3553 3773
3553 3778
3553 3802
3553 3827
3553 3835
3553 3840
3553 3867
3553 3921
3553 3936
3554 3561
3554 3634
3554 3680
3554 3726
3554 3752
3554 3761
3554 3794
3554 3829
3554 3915
3554 3945
3554 3956
3554 3972
3555 3584
3555 3591
3555 3593
3555 3600
3555 3604
3555 3617
3555 3754
3555 3758
3555 3767
3555 3777
3555 3803
3555 3810
3555 3829
3555 3956
3557 3574
3557 3596
3557 3604
3557 3611
3557 3627
3557 3635
3557 3640
3557 3642
3557 3670
3557 3687
3557 3702
3557 3730
3557 3731
3557 3737
3557 3790
3557 3800
3557 3804
3557 3824
3557 3828
3557 3838
3557 3858
3557 3860
3557 3938
3558 3568
3558 3584
3558 3593
3558 3620
3558 3643
3558 3646
3558 3648
3558 3711
3558 3719
3558 3738
3558 3758
3558 3768
3558 3782
3558 3786
3558 3792
3558 3793
3558 3794
3558 3810
3558 3826
3558 3829
3558 3855
3558 3866
3558 3869
3558 3870
3558 3881
3558 3903
3558 3906
3558 3909
3558 3924
3558 3945
3558 3947
3558 3951
3558 3958
3558 3969
3559 3573
3559 3576
3559 3604
3559 3627
3559 3681
3559 3731
3559 3762
3559 3804
3559 3831
3559 3838
3559 3877
3559 3884
3559 3891
3559 3902
3559 3926
3559 3930
3559 3934
3559 3944
3560 3691
3560 3830
3562 3581
3562 3594
3562 3613
3562 3639
3562 3649
3562 3695
3562 3830
3562 3883
3562 3898
3562 3919
3563 3656
3563 3667
3563 3683
3563 3684
3563 3741
3563 3830
3563 3852
3563 3873
3563 3886
3563 3948
3563 3962
3563 3968
3564 3568
3564 3617
3564 3622
3564 3678
3564 3680
3564 3690
3564 3719
3564 3803
3564 3821
3564 3825
3564 3878
3564 3927
3565 3637
3565 3756
3566 3662
3566 3723
3566 3780
3566 3961
3567 3595
3567 3628
3567 3657
3567 3725
3567 3739
3567 3743
3567 3857
3567 3868
3567 3874
3567 3912
3567 3917
3568 3593
3568 3601
3568 3614
3568 3617
3568 3623
3568 3645
3568 3680
3568 3758
3568 3764
3568 3768
3568 3782
3568 3786
3568 3793
3568 3810
3568 3818
3568 3825
3568 3834
3568 3843
3568 3866
3568 3906
3568 3914
3568 3915
3568 3931
3568 3947
3568 3973
3569 3591
3569 3593
3569 3680
3569 3705
3569 3706
3569 3714
3569 3793
3569 3794
3569 3803
3569 3822
3569 3826
3569 3833
3569 3869
3569 3900
3569 3906
3569 3909
3569 3924
3569 3947
3569 3951
3569 3969
3571 3579
3571 3675
3571 3701
3571 3708
3571 3757
3571 3759
3571 3774
3571 3836
3571 3837
3571 3899
3571 3918
3571 3957
3571 3965
3571 3975
3572 3705
3572 3706
3572 3714
3572 3794
3572 3822
3572 3869
3573 3576
3573 3611
3573 3625
3573 3672
3573 3702
3573 3797
3573 3838
3573 3852
3573 3877
3573 3891
3573 3902
3573 3930
3573 3966
3574 3576
3574 3596
3574 3605
3574 3611
3574 3635
3574 3640
3574 3642
3574 3731
3574 3762
3574 3828
3574 3830
3574 3877
3574 3891
3575 3672
3575 3872
3576 3577
3576 3596
3576 3604
3576 3605
3576 3611
3576 3640
3576 3642
3576 3658
3576 3670
3576 3702
3576 3707
3576 3731
3576 3756
3576 3785
3576 3790
3576 3800
3576 3824
3576 3828
3576 3830
3576 3838
3576 3858
3576 3860
3576 3877
3576 3891
3576 3902
3576 3926
3576 3930
3576 3938
3576 3966
3578 3596
3578 3604
3578 3611
3578 3633
3578 3640
3578 3670
3578 3683
3578 3730
3578 3731
3578 3737
3578 3790
3578 3804
3578 3824
3578 3828
3578 3830
3578 3838
3578 3858
3578 3860
3578 3877
3578 3938
3579 3675
3579 3701
3579 3708
3579 3757
3579 3759
3579 3774
3579 3836
3579 3837
3579 3918
3579 3957
3579 3975
3580 3585
3580 3679
3580 3894
3580 3905
3581 3594
3581 3613
3581 3649
3581 3695
3581 3883
3581 3898
3582 3752
3583 3600
3583 3758
3583 3825
3583 3869
3583 3931
3584 3593
3584 3617
3584 3620
3584 3631
3584 3643
3584 3646
3584 3690
3584 3711
3584 3718
3584 3719
3584 3758
3584 3763
3584 3764
3584 3768
3584 3782
3584 3784
3584 3792
3584 3793
3584 3794
3584 3810
3584 3818
3584 3821
3584 3826
3584 3833
3584 3866
3584 3870
3584 3893
3584 3896
3584 3900
3584 3903
3584 3904
3584 3906
3584 3924
3584 3927
3584 3947
3584 3951
3584 3969
3584 3973
3584 3976
3585 3679
3585 3863
3585 3949
3586 3596
3586 3604
3586 3633
3586 3651
3586 3674
3586 3677
3586 3684
3586 3692
3586 3693
3586 3697
3586 3712
3586 3734
3586 3756
3586 3760
3586 3765
3586 3788
3586 3796
3586 3797
3586 3800
3586 3830
3586 3839
3586 3841
3586 3851
3586 3889
3586 3930
3586 3938
3586 3948
3586 3971
3587 3641
3587 3655
3587 3696
3587 3747
3587 3766
3587 3776
3587 3783
3587 3791
3587 3809
3587 3920
3587 3933
3587 3960
3587 3964
3587 3967
3588 3827
3588 3862
3589 3592
3590 3599
3590 3608
3590 3615
3590 3629
3590 3636
3590 3663
3590 3666
3590 3705
3590 3710
3590 3713
3590 3715
3590 3722
3590 3728
3590 3740
3590 3756
3590 3815
3590 3835
3590 3862
3590 3867
3590 3907
3590 3921
3590 3944
3591 3593
3591 3680
3591 3706
3591 3714
3591 3793
3591 3794
3591 3822
3591 3826
3591 3833
3591 3855
3591 3900
3591 3924
3591 3951
3593 3601
3593 3623
3593 3631
3593 3634
3593 3646
3593 3648
3593 3680
3593 3706
3593 3711
3593 3714
3593 3718
3593 3719
3593 3738
3593 3758
3593 3764
3593 3768
3593 3782
3593 3786
3593 3793
3593 3794
3593 3810
3593 3818
3593 3829
3593 3833
3593 3855
3593 3869
3593 3906
3593 3924
3593 3931
3593 3947
3593 3951
3594 3613
3594 3649
3594 3695
3594 3830
3594 3883
3594 3898
3595 3628
3595 3657
3595 3725
3595 3739
3595 3743
3595 3857
3595 3868
3595 3912
3595 3917
3596 3603
3596 3604
3596 3605
3596 3611
3596 3627
3596 3633
3596 3635
3596 3640
3596 3642
3596 3658
3596 3670
3596 3672
3596 3674
3596 3677
3596 3681
3596 3684
3596 3686
3596 3687
3596 3692
3596 3693
3596 3702
3596 3721
3596 3730
3596 3731
3596 3734
3596 3737
3596 3750
3596 3756
3596 3762
3596 3779
3596 3780
3596 3785
3596 3788
3596 3790
3596 3797
3596 3800
3596 3804
3596 3824
3596 3828
3596 3830
3596 3832
3596 3838
3596 3841
3596 3851
3596 3858
3596 3860
3596 3877
3596 3880
3596 3884
3596 3889
3596 3902
3596 3913
3596 3926
3596 3930
3596 3938
3596 3943
3596 3948
3596 3962
3596 3966
3596 3971
3598 3685
3598 3698
3598 3850
3598 3936
3599 3608
3599 3615
3599 3629
3599 3636
3599 3663
3599 3666
3599 3705
3599 3710
3599 3713
3599 3715
3599 3722
3599 3728
3599 3735
3599 3740
3599 3753
3599 3769
3599 3773
3599 3802
3599 3815
3599 3835
3599 3850
3599 3862
3599 3867
3599 3907
3599 3921
3600 3612
3600 3825
3600 3861
3601 3604
3601 3623
3601 3645
3601 3768
3601 3782
3601 3786
3601 3818
3601 3823
3601 3825
3601 3866
3601 3881
3601 3906
3602 3630
3602 3634
3602 3738
3602 3761
3602 3770
3602 3829
3602 3869
3602 3945
3602 3972
3603 3640
3603 3672
3603 3756
3603 3790
3603 3828
3603 3838
3604 3605
3604 3611
3604 3617
3604 3627
3604 3633
3604 3635
3604 3640
3604 3645
3604 3658
3604 3672
3604 3674
3604 3677
3604 3687
3604 3721
3604 3730
3604 3731
3604 3734
3604 3737
3604 3756
3604 3770
3604 3788
3604 3790
3604 3800
3604 3804
3604 3828
3604 3830
3604 3838
3604 3841
3604 3845
3604 3851
3604 3852
3604 3858
3604 3860
3604 3861
3604 3869
3604 3889
3604 3902
3604 3913
3604 3914
3604 3915
3604 3926
3604 3938
3604 3943
3604 3948
3604 3962
3604 3966
3605 3611
3605 3635
3605 3640
3605 3670
3605 3672
3605 3687
3605 3702
3605 3707
3605 3730
3605 3731
3605 3737
3605 3756
3605 3785
3605 3790
3605 3800
3605 3804
3605 3824
3605 3828
3605 3830
3605 3838
3605 3860
3605 3877
3605 3880
3605 3926
3605 3938
3605 3948
3606 3662
3606 3727
3606 3745
3607 3644
3607 3698
3607 3747
3607 3933
3608 3615
3608 3694
3608 3705
3608 3710
3608 3713
3608 3722
3608 3728
3608 3735
3608 3740
3608 3862
3608 3867
3608 3907
3608 3921
3610 3659
3610 3660
3610 3674
3610 3732
3610 3764
3610 3772
3610 3779
3610 3847
3610 3888
3610 3927
3610 3950
3610 3953
3610 3979
3611 3633
3611 3635
3611 3640
3611 3672
3611 3731
3611 3734
3611 3737
3611 3762
3611 3785
3611 3790
3611 3800
3611 3804
3611 3817
3611 3824
3611 3830
3611 3838
3611 3842
3611 3845
3611 3851
3611 3852
3611 3858
3611 3860
3611 3877
3611 3891
3611 3902
3611 3913
3611 3926
3611 3930
3611 3938
3611 3966
3611 3971
3612 3673
3612 3758
3612 3759
3612 3764
3612 3810
3612 3825
3612 3836
3612 3837
3612 3869
3612 3893
3612 3895
3612 3937
3612 3941
3612 3945
3613 3639
3613 3649
3613 3695
3613 3830
3613 3883
3613 3898
3613 3919
3614 3652
3614 3758
3614 3825
3614 3900
3614 3945
3615 3629
3615 3636
3615 3664
3615 3705
3615 3740
3615 3776
3615 3815
3615 3835
3615 3867
3615 3907
3615 3921
3616 3638
3616 3647
3616 3699
3616 3716
3616 3799
3616 3844
3616 3848
3616 3918
3616 3932
3617 3622
3617 3645
3617 3680
3617 3690
3617 3719
3617 3724
3617 3738
3617 3754
3617 3758
3617 3777
3617 3793
3617 3803
3617 3821
3617 3823
3617 3825
3617 3830
3617 3834
3617 3869
3617 3878
3617 3895
3617 3927
3617 3931
3618 3625
3618 3633
3618 3684
3618 3692
3618 3734
3618 3750
3618 3797
3618 3842
3618 3851
3618 3873
3618 3968
3618 3971
3619 3760
3619 3880
3619 3970
3620 3646
3620 3648
3620 3711
3620 3714
3620 3718
3620 3764
3620 3792
3620 3810
3620 3870
3620 3900
3620 3906
3620 3969
3621 3684
3621 3689
3621 3721
3621 3797
3621 3861
3621 3902
3622 3690
3622 3719
3622 3803
3622 3821
3622 3878
3622 3927
3622 3931
3623 3645
3623 3758
3623 3768
3623 3782
3623 3786
3623 3793
3623 3810
3623 3818
3623 3866
3623 3906
3623 3947
3624 3662
3624 3679
3624 3806
3624 3814
3624 3863
3624 3905
3624 3949
3625 3633
3625 3656
3625 3667
3625 3672
3625 3674
3625 3677
3625 3684
3625 3692
3625 3721
3625 3734
3625 3756
3625 3797
3625 3830
3625 3841
3625 3842
3625 3851
3625 3873
3625 3886
3625 3938
3625 3948
3625 3962
3625 3968
3625 3978
3626 3839
3626 3847
3626 3916
3626 3979
3627 3635
3627 3640
3627 3681
3627 3702
3627 3707
3627 3730
3627 3790
3627 3804
3627 3824
3628 3657
3628 3725
3628 3739
3628 3743
3628 3760
3628 3819
3628 3857
3628 3868
3628 3871
3628 3874
3628 3892
3628 3912
3628 3917
3628 3962
3629 3636
3629 3666
3629 3698
3629 3705
3629 3710
3629 3713
3629 3722
3629 3728
3629 3735
3629 3740
3629 3753
3629 3769
3629 3778
3629 3815
3629 3835
3629 3840
3629 3850
3629 3862
3629 3867
3629 3876
3629 3907
3629 3921
3629 3977
3630 3634
3630 3738
3630 3829
3630 3945
3631 3648
3631 3711
3631 3786
3631 3792
3631 3833
3631 3903
3632 3720
3632 3787
3632 3791
3632 3918
3634 3738
3634 3752
3634 3761
3634 3829
3634 3915
3634 3937
3634 3945
3634 3956
3634 3972
3635 3640
3635 3670
3635 3686
3635 3702
3635 3730
3635 3731
3635 3790
3635 3800
3635 3804
3635 3830
3635 3832
3635 3838
3635 3926
3635 3930
3635 3938
3635 3948
3636 3666
3636 3705
3636 3710
3636 3713
3636 3722
3636 3728
3636 3735
3636 3740
3636 3753
3636 3769
3636 3802
3636 3815
3636 3835
3636 3862
3636 3867
3636 3907
3636 3921
3637 3659
3637 3756
3638 3647
3638 3716
3638 3799
3638 3844
3638 3848
3638 3918
3638 3932
3638 3952
3639 3649
3639 3695
3639 3830
3639 3883
3639 3898
3640 3642
3640 3670
3640 3687
3640 3702
3640 3707
3640 3730
3640 3731
3640 3734
3640 3737
3640 3762
3640 3785
3640 3790
3640 3800
3640 3804
3640 3824
3640 3828
3640 3832
3640 3838
3640 3858
3640 3860
3640 3884
3640 3926
3640 3938
3641 3655
3641 3696
3641 3907
3641 3920
3641 3933
3641 3960
3641 3967
3642 3658
3642 3659
3642 3730
3642 3731
3642 3737
3642 3779
3642 3828
3642 3838
3642 3860
3642 3930
3642 3938
3643 3646
3643 3648
3643 3680
3643 3711
3643 3718
3643 3719
3643 3794
3643 3810
3643 3826
3643 3833
3643 3855
3643 3870
3643 3895
3643 3896
3643 3903
3643 3909
3643 3924
3643 3951
3643 3976
3644 3685
3644 3698
3644 3747
3644 3840
3644 3850
3645 3680
3645 3764
3645 3782
3645 3786
3645 3843
3645 3866
3645 3941
3646 3648
3646 3711
3646 3719
3646 3758
3646 3763
3646 3810
3646 3924
3646 3951
3646 3969
3647 3716
3647 3799
3647 3918
3647 3932
3648 3706
3648 3711
3648 3719
3648 3758
3648 3763
3648 3792
3648 3810
3648 3816
3648 3903
3648 3924
3649 3695
3649 3830
3649 3883
3649 3898
3649 3919
3652 3665
3652 3676
3652 3825
3653 3720
3653 3789
3653 3918
3654 3697
3654 3703
3654 3755
3654 3804
3654 3824
3654 3830
3654 3930
3654 3938
3655 3696
3655 3747
3655 3776
3655 3783
3655 3791
3655 3920
3655 3933
3655 3960
3655 3964
3655 3967
3656 3667
3656 3677
3656 3683
3656 3684
3656 3692
3656 3734
3656 3750
3656 3756
3656 3830
3656 3841
3656 3842
3656 3886
3656 3929
3656 3948
3656 3968
3657 3725
3657 3739
3657 3743
3657 3819
3657 3857
3657 3868
3657 3892
3658 3731
3658 3756
3658 3785
3658 3800
3658 3828
3658 3891
3658 3966
3659 3772
3659 3779
3659 3888
3659 3930
3659 3950
3659 3979
3660 3775
3660 3780
3660 3847
3660 3870
3661 3737
3661 3897
3661 3908
3661 3948
3662 3682
3662 3745
3662 3812
3662 3814
3662 3863
3662 3905
3663 3710
3663 3713
3663 3728
3663 3735
3663 3740
3663 3862
3663 3921
3663 3977
3664 3696
3664 3776
3664 3901
3664 3918
3664 3933
3664 3960
3665 3676
3665 3825
3665 3931
3666 3710
3666 3728
3666 3921
3667 3683
3667 3684
3667 3692
3667 3734
3667 3736
3667 3842
3667 3852
3667 3873
3667 3886
3667 3902
3667 3948
3667 3962
3667 3968
3668 3738
3668 3761
3668 3829
3668 3945
3668 3956
3669 3700
3669 3813
3669 3830
3669 3864
3669 3911
3670 3686
3670 3687
3670 3702
3670 3731
3670 3790
3670 3804
3670 3824
3670 3830
3670 3858
3670 3880
3670 3938
3670 3948
3671 3768
3671 3770
3671 3793
3671 3821
3671 3882
3671 3958
3672 3684
3672 3702
3672 3707
3672 3737
3672 3785
3672 3797
3672 3804
3672 3838
3672 3845
3672 3851
3672 3852
3672 3872
3672 3877
3672 3891
3672 3902
3672 3926
3672 3928
3672 3930
3672 3938
3672 3940
3672 3962
3672 3966
3675 3708
3675 3757
3675 3759
3675 3774
3675 3836
3675 3837
3675 3899
3675 3957
3676 3825
3678 3791
3679 3806
3679 3863
3679 3894
3679 3905
3679 3939
3679 3963
3680 3690
3680 3706
3680 3711
3680 3714
3680 3718
3680 3794
3680 3803
3680 3822
3680 3826
3680 3830
3680 3833
3680 3843
3680 3869
3680 3870
3680 3878
3680 3882
3680 3895
3680 3900
3680 3909
3680 3924
3680 3931
3680 3951
3680 3955
3680 3958
3680 3969
3681 3707
3681 3790
3681 3804
3682 3812
3682 3814
3682 3949
3683 3692
3683 3756
3683 3790
3683 3830
3683 3842
3683 3877
3683 3886
3683 3944
3683 3948
3683 3968
3685 3698
3685 3840
3685 3850
3687 3702
3687 3730
3687 3731
3687 3737
3687 3762
3687 3790
3687 3800
3687 3804
3687 3824
3687 3830
3687 3838
3687 3858
3687 3860
3687 3884
3687 3926
3687 3938
3687 3966
3689 3721
3690 3758
3690 3768
3690 3781
3690 3782
3690 3803
3690 3821
3690 3866
3690 3869
3690 3870
3690 3878
3690 3895
3690 3927
3690 3946
3690 3955
3691 3830
3693 3734
3693 3756
3693 3838
3693 3841
3693 3845
3693 3851
3693 3938
3693 3948
3693 3970
3693 3971
3694 3816
3694 3867
3695 3830
3695 3883
3695 3898
3695 3919
3696 3747
3696 3776
3696 3783
3696 3791
3696 3920
3696 3933
3696 3960
3696 3967
3697 3756
3697 3797
3697 3824
3697 3830
3697 3831
3697 3842
3697 3858
3697 3884
3697 3938
3697 3971
3698 3728
3698 3747
3698 3840
3698 3850
3700 3813
3700 3830
3700 3864
3700 3911
3701 3757
3701 3759
3701 3774
3701 3836
3701 3837
3701 3910
3701 3957
3701 3965
3701 3975
3702 3721
3702 3731
3702 3737
3702 3790
3702 3800
3702 3804
3702 3824
3702 3830
3702 3832
3702 3838
3702 3845
3702 3877
3702 3891
3702 3902
3702 3938
3702 3948
3702 3966
3703 3755
3703 3830
3703 3831
3703 3842
3703 3902
3703 3926
3703 3938
3703 3968
3703 3971
3704 3891
3705 3706
3705 3713
3705 3714
3705 3722
3705 3740
3705 3759
3705 3763
3705 3793
3705 3794
3705 3802
3705 3818
3705 3822
3705 3826
3705 3835
3705 3867
3705 3869
3705 3906
3705 3907
3705 3921
3705 3924
3706 3714
3706 3793
3706 3794
3706 3803
3706 3822
3706 3833
3706 3869
3706 3870
3706 3900
3706 3906
3706 3924
3707 3730
3707 3731
3707 3737
3707 3756
3707 3785
3707 3828
3707 3838
3707 3891
3707 3913
3707 3930
3708 3757
3708 3759
3708 3774
3708 3836
3708 3837
3708 3918
3708 3957
3708 3975
3710 3713
3710 3715
3710 3722
3710 3728
3710 3735
3710 3740
3710 3753
3710 3769
3710 3835
3710 3862
3710 3867
3710 3907
3710 3921
3711 3718
3711 3719
3711 3758
3711 3784
3711 3792
3711 3794
3711 3810
3711 3826
3711 3870
3711 3881
3711 3896
3711 3903
3711 3924
3711 3951
3711 3969
3712 3734
3712 3838
3712 3938
3713 3715
3713 3722
3713 3728
3713 3735
3713 3740
3713 3753
3713 3802
3713 3835
3713 3862
3713 3867
3713 3907
3713 3921
3714 3793
3714 3794
3714 3803
3714 3822
3714 3823
3714 3829
3714 3833
3714 3869
3714 3870
3714 3900
3714 3906
3714 3924
3714 3951
3715 3740
3715 3815
3715 3835
3715 3867
3715 3907
3715 3921
3716 3799
3716 3932
3717 3744
3717 3830
3718 3758
3718 3792
3718 3793
3718 3810
3718 3822
3718 3826
3718 3833
3718 3870
3718 3896
3718 3900
3718 3903
3718 3906
3718 3924
3718 3947
3718 3951
3718 3969
3719 3758
3719 3764
3719 3770
3719 3810
3719 3895
3719 3924
3719 3927
3719 3951
3720 3749
3720 3751
3720 3787
3720 3789
3720 3802
3720 3918
3720 3923
3722 3728
3722 3740
3722 3753
3722 3773
3722 3778
3722 3802
3722 3827
3722 3835
3722 3850
3722 3862
3722 3876
3722 3907
3722 3918
3722 3921
3725 3739
3725 3743
3725 3819
3725 3857
3725 3868
3725 3871
3725 3874
3725 3892
3725 3912
3725 3917
3726 3738
3726 3752
3726 3829
3726 3861
3726 3909
3726 3945
3726 3956
3726 3972
3727 3745
3727 3771
3727 3949
3728 3735
3728 3740
3728 3753
3728 3769
3728 3815
3728 3835
3728 3862
3728 3867
3728 3907
3728 3921
3730 3731
3730 3737
3730 3790
3730 3800
3730 3804
3730 3824
3730 3832
3730 3913
3730 3926
3731 3736
3731 3762
3731 3785
3731 3790
3731 3800
3731 3804
3731 3824
3731 3858
3731 3860
3731 3877
3731 3884
3731 3891
3731 3902
3731 3913
3731 3926
3731 3938
3731 3966
3733 3861
3733 3954
3734 3737
3734 3756
3734 3760
3734 3788
3734 3800
3734 3824
3734 3830
3734 3841
3734 3851
3734 3873
3734 3877
3734 3884
3734 3929
3734 3938
3734 3948
3734 3962
3734 3968
3734 3971
3735 3740
3735 3753
3735 3867
3735 3921
3736 3785
3736 3830
3736 3831
3736 3842
3736 3873
3736 3938
3736 3948
3736 3968
3737 3790
3737 3800
3737 3804
3737 3824
3737 3838
3737 3858
3737 3860
3737 3873
3737 3884
3737 3930
3737 3938
3737 3966
3738 3752
3738 3754
3738 3761
3738 3782
3738 3821
3738 3829
3738 3859
3738 3915
3738 3937
3738 3945
3738 3956
3738 3972
3739 3743
3739 3819
3739 3868
3739 3871
3739 3874
3739 3892
3739 3912
3740 3815
3740 3835
3740 3862
3740 3865
3740 3867
3740 3907
3740 3921
3740 3977
3742 3849
3742 3861
3742 3954
3743 3819
3743 3857
3743 3868
3743 3871
3743 3874
3743 3892
3743 3912
3743 3917
3744 3830
3745 3812
3745 3949
3746 3846
3747 3766
3747 3776
3747 3783
3747 3791
3747 3809
3747 3920
3747 3933
3747 3960
3747 3964
3747 3967
3749 3751
3749 3789
3749 3918
3749 3923
3751 3787
3751 3789
3751 3923
3752 3761
3752 3764
3752 3829
3752 3915
3752 3937
3752 3945
3752 3972
3753 3773
3753 3778
3753 3802
3753 3835
3753 3850
3753 3867
3753 3876
3753 3907
3753 3921
3754 3927
3755 3830
3755 3926
3755 3971
3757 3759
3757 3774
3757 3836
3757 3837
3757 3899
3757 3918
3757 3957
3757 3975
3758 3761
3758 3764
3758 3768
3758 3777
3758 3782
3758 3786
3758 3793
3758 3810
3758 3818
3758 3825
3758 3829
3758 3833
3758 3855
3758 3906
3758 3924
3758 3937
3758 3945
3758 3947
3758 3951
3758 3969
3759 3774
3759 3836
3759 3837
3759 3918
3759 3957
3759 3965
3759 3975
3760 3830
3760 3948
3760 3962
3761 3829
3761 3915
3761 3945
3761 3956
3761 3972
3762 3800
3762 3804
3762 3824
3762 3884
3762 3902
3762 3930
3762 3934
3763 3782
3763 3793
3763 3799
3763 3810
3763 3924
3764 3767
3764 3793
3764 3810
3764 3818
3764 3821
3764 3825
3764 3834
3764 3881
3764 3895
3764 3915
3764 3927
3764 3931
3764 3972
3765 3830
3765 3930
3766 3776
3766 3791
3766 3809
3766 3933
3766 3964
3767 3782
3767 3803
3767 3829
3767 3927
3767 3958
3768 3770
3768 3782
3768 3786
3768 3793
3768 3810
3768 3818
3768 3866
3768 3906
3768 3914
3768 3945
3768 3947
3769 3778
3769 3977
3771 3855
3771 3949
3771 3956
3772 3779
3772 3847
3772 3950
3772 3968
3773 3778
3773 3802
3773 3850
3774 3836
3774 3837
3774 3899
3774 3910
3774 3918
3774 3957
3774 3975
3775 3847
3775 3895
3775 3953
3776 3783
3776 3791
3776 3809
3776 3920
3776 3933
3776 3960
3776 3964
3776 3967
3777 3803
3777 3829
3778 3827
3778 3876
3779 3872
3779 3930
3779 3938
3779 3941
3779 3979
3780 3842
3780 3851
3780 3877
3780 3929
3780 3966
3780 3971
3781 3823
3781 3946
3782 3786
3782 3793
3782 3810
3782 3818
3782 3836
3782 3866
3782 3881
3782 3906
3782 3927
3782 3931
3782 3945
3782 3947
3783 3791
3783 3809
3783 3920
3783 3933
3783 3960
3784 3793
3784 3833
3784 3896
3784 3906
3784 3947
3784 3973
3785 3800
3785 3858
3785 3860
3785 3966
3786 3793
3786 3810
3786 3822
3786 3900
3786 3906
3786 3945
3786 3947
3787 3923
3788 3841
3789 3807
3789 3918
3789 3923
3790 3800
3790 3804
3790 3824
3790 3828
3790 3830
3790 3832
3790 3838
3790 3845
3790 3851
3790 3858
3790 3860
3790 3884
3790 3902
3790 3913
3790 3926
3790 3938
3791 3809
3791 3901
3791 3920
3791 3933
3791 3960
3791 3964
3791 3967
3792 3822
3792 3882
3792 3924
3792 3951
3792 3969
3793 3794
3793 3803
3793 3810
3793 3818
3793 3822
3793 3825
3793 3826
3793 3833
3793 3866
3793 3870
3793 3896
3793 3900
3793 3906
3793 3924
3793 3931
3793 3947
3793 3951
3793 3973
3793 3976
3794 3822
3794 3826
3794 3833
3794 3855
3794 3869
3794 3870
3794 3900
3794 3903
3794 3906
3794 3909
3794 3914
3794 3924
3794 3947
3794 3951
3794 3969
3795 3830
3795 3929
3796 3797
3796 3851
3796 3950
3799 3844
3799 3848
3799 3918
3799 3932
3799 3952
3800 3804
3800 3824
3800 3830
3800 3838
3800 3851
3800 3913
3800 3926
3800 3938
3800 3943
3800 3944
3800 3962
3801 3885
3801 3921
3802 3835
3802 3907
3802 3921
3803 3821
3803 3869
3803 3890
3803 3906
3804 3824
3804 3830
3804 3838
3804 3845
3804 3858
3804 3860
3804 3884
3804 3902
3804 3913
3804 3926
3804 3930
3804 3938
3805 3916
3805 3950
3806 3894
3806 3905
3806 3963
3809 3887
3809 3901
3809 3920
3809 3933
3809 3960
3810 3833
3810 3855
3810 3881
3810 3896
3810 3906
3810 3924
3810 3947
3810 3951
3811 3949
3813 3830
3813 3864
3813 3911
3814 3949
3815 3835
3815 3867
3815 3907
3815 3921
3817 3831
3817 3842
3817 3851
3817 3971
3818 3866
3818 3896
3819 3868
3819 3874
3819 3912
3819 3917
3821 3825
3821 3829
3821 3834
3821 3878
3821 3881
3821 3906
3821 3927
3821 3931
3821 3933
3821 3947
3822 3826
3822 3833
3822 3855
3822 3869
3822 3870
3822 3896
3822 3900
3822 3906
3822 3909
3822 3924
3822 3951
3822 3969
3822 3976
3823 3927
3823 3946
3823 3956
3824 3830
3824 3831
3824 3838
3824 3858
3824 3860
3824 3873
3824 3877
3824 3884
3824 3902
3824 3913
3824 3926
3824 3938
3824 3966
3825 3843
3825 3893
3825 3927
3825 3931
3826 3833
3826 3869
3826 3870
3826 3890
3826 3896
3826 3900
3826 3906
3826 3909
3826 3924
3826 3947
3826 3951
3826 3958
3826 3969
3826 3976
3828 3838
3828 3860
3828 3938
3828 3966
3829 3843
3829 3900
3829 3915
3829 3945
3829 3956
3829 3972
3831 3842
3831 3851
3831 3884
3831 3938
3831 3968
3831 3971
3833 3869
3833 3896
3833 3900
3833 3906
3833 3909
3833 3924
3833 3947
3833 3951
3833 3969
3833 3973
3833 3976
3834 3881
3835 3850
3835 3862
3835 3867
3835 3907
3835 3921
3836 3837
3836 3893
3836 3899
3836 3910
3836 3918
3836 3957
3836 3964
3836 3975
3837 3918
3837 3957
3837 3975
3838 3845
3838 3851
3838 3852
3838 3860
3838 3877
3838 3884
3838 3891
3838 3902
3838 3926
3838 3930
3838 3934
3838 3938
3838 3940
3838 3943
3838 3944
3838 3966
3838 3971
3840 3850
3841 3851
3841 3929
3841 3938
3841 3948
3841 3950
3841 3962
3842 3851
3842 3873
3842 3877
3842 3886
3842 3908
3842 3929
3842 3938
3842 3948
3842 3966
3842 3968
3842 3971
3843 3927
3844 3848
3845 3851
3845 3891
3845 3902
3845 3966
3847 3916
3847 3953
3847 3979
3848 3918
3849 3861
3849 3904
3852 3873
3852 3877
3852 3886
3852 3902
3852 3926
3852 3966
3852 3971
3854 3918
3855 3976
3857 3868
3857 3917
3858 3860
3858 3884
3858 3913
3858 3926
3858 3930
3858 3938
3859 3861
3859 3870
3860 3884
3860 3902
3860 3913
3860 3930
3860 3938
3860 3966
3862 3867
3862 3921
3863 3894
3864 3911
3866 3881
3866 3906
3866 3947
3867 3907
3867 3921
3868 3874
3868 3892
3868 3912
3868 3917
3869 3870
3869 3900
3869 3906
3869 3924
3869 3931
3869 3947
3870 3896
3870 3900
3870 3903
3870 3906
3870 3924
3870 3947
3870 3951
3871 3917
3873 3877
3873 3886
3873 3902
3873 3938
3873 3943
3873 3948
3873 3962
3873 3966
3873 3968
3873 3971
3874 3892
3874 3912
3874 3917
3875 3887
3878 3903
3879 3918
3880 3908
3880 3970
3883 3898
3883 3919
3884 3902
3884 3926
3884 3930
3884 3938
3884 3948
3884 3968
3884 3971
3887 3931
3888 3950
3888 3979
3889 3938
3889 3943
3890 3927
3891 3902
3891 3916
3891 3926
3891 3930
3891 3966
3892 3912
3892 3917
3893 3941
3894 3963
3896 3903
3896 3924
3896 3951
3896 3969
3896 3976
3897 3908
3898 3919
3899 3957
3900 3906
3900 3909
3900 3924
3900 3947
3900 3951
3900 3969
3900 3976
3901 3918
3901 3933
3902 3926
3902 3930
3902 3934
3902 3938
3902 3940
3902 3966
3903 3924
3903 3951
3903 3969
3906 3909
3906 3924
3906 3931
3906 3937
3906 3969
3906 3973
3906 3976
3907 3921
3907 3960
3909 3924
3909 3931
3909 3945
3909 3976
3912 3917
3914 3915
3914 3967
3914 3978
3915 3945
3915 3956
3915 3972
3916 3950
3918 3923
3918 3957
3918 3975
3920 3933
3920 3960
3920 3964
3920 3967
3924 3947
3924 3951
3924 3969
3924 3976
3925 3961
3926 3930
3926 3934
3926 3938
3926 3943
3926 3966
3926 3968
3926 3971
3927 3945
3929 3948
3930 3934
3930 3938
3930 3941
3931 3947
3933 3960
3933 3964
3933 3967
3937 3945
3938 3943
3938 3948
3938 3962
3938 3966
3938 3968
3938 3971
3939 3963
3940 3966
3944 3948
3944 3962
3945 3956
3945 3972
3947 3951
3947 3973
3947 3976
3950 3979
3951 3958
3951 3969
3956 3964
3956 3972
3957 3975
3960 3967
3964 3967
3966 3971
3968 3971
3980 3981
3980 3982
3980 3983
3980 3984
3980 3985
3980 3986
3980 3987
3980 3988
3980 3989
3980 3990
3980 3991
3980 3992
3980 3993
3980 3994
3980 3995
3980 3996
3980 3997
3980 3998
3980 3999
3980 4000
3980 4001
3980 4002
3980 4003
3980 4004
3980 4005
3980 4006
3980 4007
3980 4008
3980 4009
3980 4010
3980 4011
3980 4012
3980 4013
3980 4014
3980 4015
3980 4016
3980 4017
3980 4018
3980 4019
3980 4020
3980 4021
3980 4022
3980 4023
3980 4024
3980 4025
3980 4026
3980 4027
3980 4028
3980 4029
3980 4030
3980 4031
3980 4032
3980 4033
3980 4034
3980 4035
3980 4036
3980 4037
3980 4038
3989 3991
3989 4011
3989 4013
3989 4038
4011 4031
4031 4038
