107 171
107 348
107 353
107 363
107 366
107 376
107 389
107 414
107 420
107 428
107 475
107 483
107 484
107 517
107 526
107 538
107 563
107 566
107 580
107 596
107 601
107 606
107 629
107 637
107 641
107 649
107 651
107 896
107 897
107 898
107 899
107 900
107 901
107 902
107 903
107 904
107 905
107 906
107 907
107 908
107 909
107 910
107 911
107 912
107 913
107 914
107 915
107 916
107 917
107 918
107 919
107 920
107 921
107 922
107 923
107 924
107 925
107 926
107 927
107 928
107 929
107 930
107 931
107 932
107 933
107 934
107 935
107 936
107 937
107 938
107 939
107 940
107 941
107 942
107 943
107 944
107 945
107 946
107 947
107 948
107 949
107 950
107 951
107 952
107 953
107 954
107 955
107 956
107 957
107 958
107 959
107 960
107 961
107 962
107 963
107 964
107 965
107 966
107 967
107 968
107 969
107 970
107 971
107 972
107 973
107 974
107 975
107 976
107 977
107 978
107 979
107 980
107 981
107 982
107 983
107 984
107 985
107 986
107 987
107 988
107 989
107 990
107 991
107 992
107 993
107 994
107 995
107 996
107 997
107 998
107 999
107 1000
107 1001
107 1002
107 1003
107 1004
107 1005
107 1006
107 1007
107 1008
107 1009
107 1010
107 1011
107 1012
107 1013
107 1014
107 1015
107 1016
107 1017
107 1018
107 1019
107 1020
107 1021
107 1022
107 1023
107 1024
107 1025
107 1026
107 1027
107 1028
107 1029
107 1030
107 1031
107 1032
107 1033
107 1034
107 1035
107 1036
107 1037
107 1038
107 1039
107 1040
107 1041
107 1042
107 1043
107 1044
107 1045
107 1046
107 1047
107 1048
107 1049
107 1050
107 1051
107 1052
107 1053
107 1054
107 1055
107 1056
107 1057
107 1058
107 1059
107 1060
107 1061
107 1062
107 1063
107 1064
107 1065
107 1066
107 1067
107 1068
107 1069
107 1070
107 1071
107 1072
107 1073
107 1074
107 1075
107 1076
107 1077
107 1078
107 1079
107 1080
107 1081
107 1082
107 1083
107 1084
107 1085
107 1086
107 1087
107 1088
107 1089
107 1090
107 1091
107 1092
107 1093
107 1094
107 1095
107 1096
107 1097
107 1098
107 1099
107 1100
107 1101
107 1102
107 1103
107 1104
107 1105
107 1106
107 1107
107 1108
107 1109
107 1110
107 1111
107 1112
107 1113
107 1114
107 1115
107 1116
107 1117
107 1118
107 1119
107 1120
107 1121
107 1122
107 1123
107 1124
107 1125
107 1126
107 1127
107 1128
107 1129
107 1130
107 1131
107 1132
107 1133
107 1134
107 1135
107 1136
107 1137
107 1138
107 1139
107 1140
107 1141
107 1142
107 1143
107 1144
107 1145
107 1146
107 1147
107 1148
107 1149
107 1150
107 1151
107 1152
107 1153
107 1154
107 1155
107 1156
107 1157
107 1158
107 1159
107 1160
107 1161
107 1162
107 1163
107 1164
107 1165
107 1166
107 1167
107 1168
107 1169
107 1170
107 1171
107 1172
107 1173
107 1174
107 1175
107 1176
107 1177
107 1178
107 1179
107 1180
107 1181
107 1182
107 1183
107 1184
107 1185
107 1186
107 1187
107 1188
107 1189
107 1190
107 1191
107 1192
107 1193
107 1194
107 1195
107 1196
107 1197
107 1198
107 1199
107 1200
107 1201
107 1202
107 1203
107 1204
107 1205
107 1206
107 1207
107 1208
107 1209
107 1210
107 1211
107 1212
107 1213
107 1214
107 1215
107 1216
107 1217
107 1218
107 1219
107 1220
107 1221
107 1222
107 1223
107 1224
107 1225
107 1226
107 1227
107 1228
107 1229
107 1230
107 1231
107 1232
107 1233
107 1234
107 1235
107 1236
107 1237
107 1238
107 1239
107 1240
107 1241
107 1242
107 1243
107 1244
107 1245
107 1246
107 1247
107 1248
107 1249
107 1250
107 1251
107 1252
107 1253
107 1254
107 1255
107 1256
107 1257
107 1258
107 1259
107 1260
107 1261
107 1262
107 1263
107 1264
107 1265
107 1266
107 1267
107 1268
107 1269
107 1270
107 1271
107 1272
107 1273
107 1274
107 1275
107 1276
107 1277
107 1278
107 1279
107 1280
107 1281
107 1282
107 1283
107 1284
107 1285
107 1286
107 1287
107 1288
107 1289
107 1290
107 1291
107 1292
107 1293
107 1294
107 1295
107 1296
107 1297
107 1298
107 1299
107 1300
107 1301
107 1302
107 1303
107 1304
107 1305
107 1306
107 1307
107 1308
107 1309
107 1310
107 1311
107 1312
107 1313
107 1314
107 1315
107 1316
107 1317
107 1318
107 1319
107 1320
107 1321
107 1322
107 1323
107 1324
107 1325
107 1326
107 1327
107 1328
107 1329
107 1330
107 1331
107 1332
107 1333
107 1334
107 1335
107 1336
107 1337
107 1338
107 1339
107 1340
107 1341
107 1342
107 1343
107 1344
107 1345
107 1346
107 1347
107 1348
107 1349
107 1350
107 1351
107 1352
107 1353
107 1354
107 1355
107 1356
107 1357
107 1358
107 1359
107 1360
107 1361
107 1362
107 1363
107 1364
107 1365
107 1366
107 1367
107 1368
107 1369
107 1370
107 1371
107 1372
107 1373
107 1374
107 1375
107 1376
107 1377
107 1378
107 1379
107 1380
107 1381
107 1382
107 1383
107 1384
107 1385
107 1386
107 1387
107 1388
107 1389
107 1390
107 1391
107 1392
107 1393
107 1394
107 1395
107 1396
107 1397
107 1398
107 1399
107 1400
107 1401
107 1402
107 1403
107 1404
107 1405
107 1406
107 1407
107 1408
107 1409
107 1410
107 1411
107 1412
107 1413
107 1414
107 1415
107 1416
107 1417
107 1418
107 1419
107 1420
107 1421
107 1422
107 1423
107 1424
107 1425
107 1426
107 1427
107 1428
107 1429
107 1430
107 1431
107 1432
107 1433
107 1434
107 1435
107 1436
107 1437
107 1438
107 1439
107 1440
107 1441
107 1442
107 1443
107 1444
107 1445
107 1446
107 1447
107 1448
107 1449
107 1450
107 1451
107 1452
107 1453
107 1454
107 1455
107 1456
107 1457
107 1458
107 1459
107 1460
107 1461
107 1462
107 1463
107 1464
107 1465
107 1466
107 1467
107 1468
107 1469
107 1470
107 1471
107 1472
107 1473
107 1474
107 1475
107 1476
107 1477
107 1478
107 1479
107 1480
107 1481
107 1482
107 1483
107 1484
107 1485
107 1486
107 1487
107 1488
107 1489
107 1490
107 1491
107 1492
107 1493
107 1494
107 1495
107 1496
107 1497
107 1498
107 1499
107 1500
107 1501
107 1502
107 1503
107 1504
107 1505
107 1506
107 1507
107 1508
107 1509
107 1510
107 1511
107 1512
107 1513
107 1514
107 1515
107 1516
107 1517
107 1518
107 1519
107 1520
107 1521
107 1522
107 1523
107 1524
107 1525
107 1526
107 1527
107 1528
107 1529
107 1530
107 1531
107 1532
107 1533
107 1534
107 1535
107 1536
107 1537
107 1538
107 1539
107 1540
107 1541
107 1542
107 1543
107 1544
107 1545
107 1546
107 1547
107 1548
107 1549
107 1550
107 1551
107 1552
107 1553
107 1554
107 1555
107 1556
107 1557
107 1558
107 1559
107 1560
107 1561
107 1562
107 1563
107 1564
107 1565
107 1566
107 1567
107 1568
107 1569
107 1570
107 1571
107 1572
107 1573
107 1574
107 1575
107 1576
107 1577
107 1578
107 1579
107 1580
107 1581
107 1582
107 1583
107 1584
107 1585
107 1586
107 1587
107 1588
107 1589
107 1590
107 1591
107 1592
107 1593
107 1594
107 1595
107 1596
107 1597
107 1598
107 1599
107 1600
107 1601
107 1602
107 1603
107 1604
107 1605
107 1606
107 1607
107 1608
107 1609
107 1610
107 1611
107 1612
107 1613
107 1614
107 1615
107 1616
107 1617
107 1618
107 1619
107 1620
107 1621
107 1622
107 1623
107 1624
107 1625
107 1626
107 1627
107 1628
107 1629
107 1630
107 1631
107 1632
107 1633
107 1634
107 1635
107 1636
107 1637
107 1638
107 1639
107 1640
107 1641
107 1642
107 1643
107 1644
107 1645
107 1646
107 1647
107 1648
107 1649
107 1650
107 1651
107 1652
107 1653
107 1654
107 1655
107 1656
107 1657
107 1658
107 1659
107 1660
107 1661
107 1662
107 1663
107 1664
107 1665
107 1666
107 1667
107 1668
107 1669
107 1670
107 1671
107 1672
107 1673
107 1674
107 1675
107 1676
107 1677
107 1678
107 1679
107 1680
107 1681
107 1682
107 1683
107 1684
107 1685
107 1686
107 1687
107 1688
107 1689
107 1690
107 1691
107 1692
107 1693
107 1694
107 1695
107 1696
107 1697
107 1698
107 1699
107 1700
107 1701
107 1702
107 1703
107 1704
107 1705
107 1706
107 1707
107 1708
107 1709
107 1710
107 1711
107 1712
107 1713
107 1714
107 1715
107 1716
107 1717
107 1718
107 1719
107 1720
107 1721
107 1722
107 1723
107 1724
107 1725
107 1726
107 1727
107 1728
107 1729
107 1730
107 1731
107 1732
107 1733
107 1734
107 1735
107 1736
107 1737
107 1738
107 1739
107 1740
107 1741
107 1742
107 1743
107 1744
107 1745
107 1746
107 1747
107 1748
107 1749
107 1750
107 1751
107 1752
107 1753
107 1754
107 1755
107 1756
107 1757
107 1758
107 1759
107 1760
107 1761
107 1762
107 1763
107 1764
107 1765
107 1766
107 1767
107 1768
107 1769
107 1770
107 1771
107 1772
107 1773
107 1774
107 1775
107 1776
107 1777
107 1778
107 1779
107 1780
107 1781
107 1782
107 1783
107 1784
107 1785
107 1786
107 1787
107 1788
107 1789
107 1790
107 1791
107 1792
107 1793
107 1794
107 1795
107 1796
107 1797
107 1798
107 1799
107 1800
107 1801
107 1802
107 1803
107 1804
107 1805
107 1806
107 1807
107 1808
107 1809
107 1810
107 1811
107 1812
107 1813
107 1814
107 1815
107 1816
107 1817
107 1818
107 1819
107 1820
107 1821
107 1822
107 1823
107 1824
107 1825
107 1826
107 1827
107 1828
107 1829
107 1830
107 1831
107 1832
107 1833
107 1834
107 1835
107 1836
107 1837
107 1838
107 1839
107 1840
107 1841
107 1842
107 1843
107 1844
107 1845
107 1846
107 1847
107 1848
107 1849
107 1850
107 1851
107 1852
107 1853
107 1854
107 1855
107 1856
107 1857
107 1858
107 1859
107 1860
107 1861
107 1862
107 1863
107 1864
107 1865
107 1866
107 1867
107 1868
107 1869
107 1870
107 1871
107 1872
107 1873
107 1874
107 1875
107 1876
107 1877
107 1878
107 1879
107 1880
107 1881
107 1882
107 1883
107 1884
107 1885
107 1886
107 1887
107 1888
107 1889
107 1890
107 1891
107 1892
107 1893
107 1894
107 1895
107 1896
107 1897
107 1898
107 1899
107 1900
107 1901
107 1902
107 1903
107 1904
107 1905
107 1906
107 1907
107 1908
107 1909
107 1910
107 1911
1 48
1 53
1 54
1 73
1 88
1 92
1 119
1 126
1 133
1 194
1 236
1 280
1 299
1 315
1 322
1 346
2 20
2 115
2 116
2 149
2 226
2 312
2 326
2 333
2 343
3 9
3 25
3 26
3 67
3 72
3 85
3 122
3 142
3 170
3 188
3 200
3 228
3 274
3 280
3 283
3 323
4 78
4 152
4 181
4 195
4 218
4 273
4 275
4 306
4 328
5 87
5 122
5 156
5 158
5 169
5 180
5 187
5 204
5 213
5 235
5 315
5 316
6 89
6 95
6 147
6 219
6 319
8 91
8 110
8 193
8 201
8 245
8 259
8 264
9 21
9 25
9 26
9 30
9 56
9 66
9 67
9 69
9 72
9 75
9 79
9 85
9 105
9 113
9 119
9 122
9 128
9 133
9 134
9 141
9 142
9 148
9 156
9 161
9 169
9 170
9 176
9 185
9 186
9 188
9 199
9 200
9 203
9 224
9 231
9 232
9 252
9 258
9 271
9 272
9 276
9 277
9 280
9 285
9 291
9 295
9 297
9 304
9 315
9 322
9 323
9 329
9 334
9 341
9 342
10 67
10 142
10 169
10 200
10 277
10 285
10 291
10 323
10 332
13 21
13 26
13 56
13 59
13 65
13 67
13 82
13 98
13 109
13 118
13 119
13 148
13 172
13 188
13 199
13 211
13 223
13 236
13 238
13 239
13 252
13 261
13 265
13 271
13 277
13 304
13 313
13 325
13 332
13 342
14 20
14 28
14 41
14 115
14 116
14 144
14 149
14 151
14 214
14 226
14 310
14 312
14 326
14 343
16 29
16 82
16 118
16 172
16 261
16 329
16 331
16 332
17 19
17 41
17 111
17 115
17 116
17 137
17 140
17 144
17 214
17 310
17 312
17 326
19 41
19 89
19 112
19 115
19 138
19 174
19 175
19 214
19 227
19 289
19 293
19 312
19 319
19 343
20 41
20 44
20 111
20 115
20 149
20 162
20 214
20 226
20 312
20 326
20 333
20 343
22 87
22 158
22 168
22 185
22 277
22 308
22 324
22 339
22 347
23 51
23 61
23 83
23 99
23 116
23 124
23 144
23 155
23 175
23 190
23 227
23 230
23 237
23 240
23 245
23 267
24 53
24 57
24 80
24 92
24 94
24 101
24 180
24 187
24 194
24 242
24 249
24 266
24 299
24 302
24 346
25 26
25 31
25 39
25 40
25 51
25 56
25 65
25 67
25 69
25 72
25 73
25 76
25 79
25 83
25 84
25 88
25 94
25 98
25 103
25 104
25 105
25 113
25 119
25 122
25 130
25 141
25 148
25 158
25 169
25 170
25 176
25 185
25 186
25 188
25 199
25 200
25 203
25 221
25 224
25 231
25 232
25 236
25 237
25 239
25 246
25 252
25 257
25 270
25 271
25 272
25 276
25 277
25 280
25 283
25 285
25 288
25 290
25 291
25 297
25 322
25 323
25 325
25 331
25 332
25 336
26 40
26 55
26 56
26 62
26 66
26 67
26 69
26 72
26 79
26 98
26 104
26 109
26 113
26 118
26 119
26 122
26 123
26 128
26 133
26 134
26 141
26 142
26 158
26 161
26 169
26 170
26 172
26 176
26 185
26 186
26 188
26 199
26 200
26 203
26 212
26 223
26 224
26 232
26 236
26 239
26 248
26 252
26 257
26 265
26 271
26 276
26 277
26 280
26 285
26 291
26 295
26 297
26 298
26 304
26 308
26 313
26 315
26 322
26 323
26 325
26 332
26 334
27 54
27 119
27 324
27 329
28 41
28 115
28 116
28 140
28 144
28 149
28 151
28 226
28 310
28 312
28 326
29 40
29 82
29 106
29 118
29 172
29 203
29 211
29 231
29 247
29 252
29 338
30 48
30 56
30 73
30 178
30 188
30 200
30 213
30 224
30 236
30 271
30 303
30 304
30 322
30 329
30 331
31 51
31 67
31 83
31 84
31 109
31 122
31 129
31 142
31 168
31 200
31 237
31 252
31 277
31 280
31 291
31 304
31 308
31 338
31 339
32 93
32 137
32 167
32 310
32 337
33 42
35 143
36 108
36 127
36 135
36 184
36 197
36 251
36 281
36 284
36 309
36 320
38 117
38 141
38 178
38 248
38 322
38 332
38 339
39 69
39 105
39 119
39 121
39 141
39 161
39 165
39 200
39 257
39 277
39 280
39 313
40 56
40 67
40 72
40 77
40 113
40 132
40 133
40 141
40 142
40 158
40 169
40 172
40 199
40 200
40 203
40 212
40 213
40 224
40 231
40 232
40 239
40 257
40 258
40 265
40 271
40 272
40 274
40 277
40 280
40 298
40 304
40 307
40 315
40 317
40 322
40 325
40 329
40 332
40 334
41 44
41 93
41 111
41 115
41 116
41 137
41 140
41 144
41 151
41 214
41 226
41 230
41 243
41 310
41 312
41 326
41 337
41 343
44 111
44 312
44 343
45 67
45 104
45 122
45 132
45 142
45 186
45 200
45 221
45 303
45 322
45 345
46 143
46 175
46 177
46 278
47 301
48 53
48 54
48 57
48 73
48 80
48 88
48 119
48 126
48 130
48 180
48 199
48 203
48 271
48 299
48 302
48 320
48 322
48 330
48 332
49 192
49 241
49 255
50 109
50 113
50 119
50 146
50 148
50 203
50 277
50 314
50 331
50 334
51 83
51 84
51 237
52 192
53 54
53 88
53 92
53 94
53 101
53 130
53 146
53 180
53 191
53 194
53 196
53 204
53 213
53 242
53 248
53 249
53 254
53 260
53 266
53 299
53 302
53 315
53 317
53 322
53 330
53 332
53 346
54 119
54 313
54 329
55 56
55 67
55 104
55 122
55 123
55 170
55 185
55 186
55 200
55 203
55 239
55 252
55 261
55 277
57 80
57 92
57 108
57 184
57 204
57 213
57 242
57 249
57 277
57 302
57 320
57 346
59 82
59 98
59 118
59 172
59 186
59 203
59 211
59 238
59 239
59 250
59 252
59 261
59 268
59 271
59 325
59 342
60 158
60 239
60 285
60 291
60 313
60 322
61 193
62 67
62 96
62 98
62 122
62 130
62 133
62 141
62 142
62 161
62 170
62 186
62 199
62 200
62 223
62 224
62 236
62 239
62 261
62 276
62 318
62 322
62 323
62 341
63 261
63 271
63 313
63 342
65 82
65 118
65 203
65 252
65 261
65 297
65 314
65 339
66 67
66 113
66 122
66 134
66 142
66 239
66 252
66 304
66 308
66 334
68 99
68 143
68 175
68 177
68 225
68 227
68 263
68 296
69 105
69 121
69 236
69 304
70 230
71 230
71 307
72 113
72 132
72 141
72 165
72 172
72 199
72 200
72 212
72 232
72 239
72 252
72 271
72 272
72 291
72 298
72 329
73 88
73 126
73 130
73 299
73 331
75 85
75 170
75 188
75 200
75 258
75 272
75 274
75 304
75 322
75 323
76 270
77 117
77 231
77 294
77 332
78 181
78 195
78 218
78 273
78 275
78 306
78 328
79 119
79 185
79 188
79 200
79 252
79 271
79 272
80 88
80 92
80 94
80 101
80 173
80 180
80 187
80 194
80 204
80 213
80 242
80 249
80 266
80 299
80 300
80 315
80 320
80 330
80 346
81 269
81 286
82 84
82 98
82 118
82 119
82 121
82 123
82 148
82 158
82 169
82 170
82 172
82 199
82 203
82 211
82 222
82 231
82 238
82 252
82 261
82 268
82 271
82 313
82 314
82 318
82 325
82 331
83 84
83 237
84 224
84 236
84 237
84 265
84 276
84 304
84 313
85 156
85 170
85 176
85 188
85 258
85 271
85 272
85 274
85 322
85 323
86 175
86 177
86 225
86 227
86 278
88 106
88 126
88 130
88 164
88 178
88 186
88 236
88 242
88 303
88 322
88 336
89 95
89 147
89 219
89 319
89 327
90 179
91 110
91 193
91 201
91 245
91 259
91 264
92 94
92 101
92 180
92 187
92 194
92 196
92 204
92 242
92 249
92 254
92 266
92 299
92 302
92 330
92 346
93 111
93 137
93 167
93 310
93 337
94 101
94 180
94 187
94 194
94 204
94 242
94 249
94 254
94 266
94 299
94 300
94 302
94 315
94 320
94 330
94 346
95 147
95 319
95 327
96 133
96 190
96 213
96 224
96 274
96 314
96 323
97 182
97 230
98 103
98 104
98 109
98 113
98 118
98 119
98 122
98 123
98 128
98 141
98 148
98 170
98 172
98 186
98 199
98 200
98 203
98 211
98 223
98 238
98 239
98 252
98 258
98 261
98 265
98 271
98 272
98 276
98 277
98 280
98 285
98 291
98 304
98 313
98 315
98 325
98 331
98 332
98 342
99 102
99 131
99 143
99 175
99 177
99 225
99 227
99 263
99 278
99 296
100 119
100 150
100 163
100 189
100 217
100 269
100 323
101 180
101 187
101 194
101 204
101 242
101 249
101 254
101 266
101 299
101 302
101 317
101 330
101 346
102 175
102 227
102 263
102 296
104 109
104 113
104 122
104 123
104 128
104 142
104 169
104 186
104 188
104 200
104 203
104 212
104 239
104 252
104 271
104 277
104 295
104 303
104 318
104 322
104 325
104 332
104 344
105 119
105 148
105 236
105 257
105 272
105 277
105 280
105 315
106 169
106 231
106 238
106 329
106 332
108 127
108 159
108 184
108 197
108 251
108 272
108 281
108 284
108 320
109 118
109 119
109 122
109 142
109 148
109 158
109 169
109 186
109 200
109 203
109 229
109 239
109 252
109 271
109 277
109 285
109 295
109 297
109 303
109 304
109 314
109 322
109 323
109 324
109 325
109 331
109 332
110 259
110 264
111 137
111 214
111 279
111 310
111 312
111 326
111 337
111 343
112 174
113 119
113 121
113 122
113 132
113 134
113 142
113 148
113 158
113 165
113 169
113 172
113 186
113 188
113 199
113 200
113 203
113 239
113 252
113 261
113 271
113 277
113 285
113 291
113 304
113 313
113 325
113 334
113 342
115 116
115 137
115 140
115 144
115 149
115 192
115 214
115 220
115 226
115 262
115 312
115 326
115 343
116 140
116 144
116 149
116 162
116 214
116 226
116 312
116 326
116 343
117 231
117 280
117 285
118 134
118 161
118 172
118 199
118 200
118 203
118 211
118 222
118 238
118 239
118 252
118 261
118 265
118 268
118 271
118 277
118 283
118 304
118 313
118 322
118 324
118 325
118 331
118 342
121 165
121 169
121 206
121 236
121 280
121 315
123 142
123 186
123 200
123 239
123 252
123 261
123 318
123 334
123 342
124 157
124 170
126 260
126 322
127 135
127 139
127 159
127 184
127 197
127 251
127 272
127 281
127 284
127 309
127 320
127 346
128 150
128 169
128 170
128 172
128 176
128 186
128 199
128 203
128 211
128 213
128 223
128 248
128 252
128 265
128 271
128 313
128 315
128 322
128 334
129 168
129 291
129 339
129 347
130 191
130 204
130 213
130 257
130 277
130 300
130 322
130 329
130 346
131 143
131 177
131 225
131 227
131 278
132 134
132 158
132 242
132 277
132 303
132 311
132 315
132 317
132 334
133 141
133 183
133 188
133 224
133 232
133 236
133 271
133 276
133 280
133 315
133 322
134 142
134 199
134 203
134 238
134 248
134 252
134 277
134 304
134 334
135 184
135 197
135 251
135 281
135 284
135 309
135 320
137 140
137 167
137 214
137 243
137 289
137 310
137 312
137 326
137 337
139 159
139 184
139 197
139 251
139 281
139 284
139 320
140 144
140 214
140 312
140 326
141 172
141 199
141 224
141 236
141 239
141 257
141 258
141 271
141 272
141 276
141 280
141 291
141 304
141 323
142 158
142 161
142 169
142 170
142 186
142 188
142 200
142 203
142 236
142 239
142 252
142 271
142 277
142 280
142 285
142 297
142 303
142 308
142 315
142 322
142 323
142 332
142 334
142 345
143 175
143 177
143 225
143 227
143 278
143 321
144 149
144 151
144 226
144 312
144 326
144 343
145 179
147 219
147 319
148 176
148 185
148 224
148 229
148 261
148 271
148 272
148 339
149 162
149 226
149 312
149 326
149 333
149 343
151 310
151 312
152 181
152 275
152 339
153 280
154 219
155 157
158 168
158 232
158 242
158 248
158 291
158 304
158 315
158 317
158 322
158 325
158 332
158 339
159 172
159 184
159 197
159 272
159 277
159 281
159 284
159 320
159 345
160 260
161 199
161 203
161 213
161 252
161 258
161 271
161 277
161 304
161 308
161 314
161 322
161 325
161 339
162 312
162 326
162 333
162 343
163 173
163 249
164 285
165 169
165 188
165 200
165 334
165 342
166 173
166 198
166 202
167 243
167 310
167 337
168 277
168 291
168 304
168 339
168 347
170 176
170 185
170 186
170 188
170 200
170 203
170 211
170 223
170 239
170 250
170 252
170 260
170 268
170 271
170 274
170 277
170 285
170 290
170 304
170 313
170 315
170 322
170 323
170 332
170 334
170 341
170 342
172 199
172 203
172 211
172 212
172 223
172 231
172 232
172 238
172 239
172 252
172 261
172 265
172 268
172 271
172 277
172 298
172 304
172 308
172 313
172 325
172 329
172 331
172 332
172 342
174 293
175 177
175 225
175 227
175 263
175 277
175 278
175 296
175 321
176 188
176 239
176 271
176 290
177 225
177 227
177 278
178 186
178 206
178 213
178 231
178 272
178 303
178 322
178 329
178 345
180 187
180 194
180 196
180 204
180 242
180 249
180 254
180 266
180 299
180 302
180 346
181 195
181 218
181 273
181 275
181 306
181 328
182 253
184 197
184 251
184 272
184 281
184 284
184 309
184 320
184 329
184 346
185 188
185 200
185 271
185 272
185 274
185 280
185 285
185 290
185 297
185 315
185 322
185 344
186 188
186 199
186 200
186 203
186 213
186 221
186 222
186 223
186 236
186 239
186 252
186 271
186 272
186 277
186 285
186 303
186 322
186 323
186 325
186 331
186 341
186 345
187 194
187 242
187 249
187 254
187 266
187 299
187 302
187 346
188 200
188 208
188 223
188 224
188 239
188 252
188 258
188 271
188 272
188 274
188 277
188 280
188 285
188 290
188 291
188 297
188 304
188 315
188 322
188 323
188 334
188 341
188 342
190 229
192 205
193 259
194 196
194 204
194 242
194 249
194 254
194 266
194 299
194 302
194 346
195 218
195 273
195 275
195 306
195 328
196 204
196 249
196 254
196 266
196 285
196 330
196 346
197 251
197 272
197 281
197 284
197 309
197 320
197 329
199 200
199 203
199 211
199 212
199 222
199 223
199 231
199 232
199 238
199 239
199 252
199 261
199 265
199 271
199 288
199 291
199 298
199 304
199 313
199 314
199 315
199 322
199 324
199 325
199 342
200 203
200 223
200 224
200 232
200 236
200 239
200 248
200 252
200 271
200 274
200 276
200 277
200 280
200 285
200 297
200 304
200 322
200 323
200 324
200 325
200 332
200 334
201 259
202 329
203 211
203 223
203 238
203 239
203 261
203 265
203 268
203 270
203 271
203 272
203 277
203 285
203 297
203 304
203 308
203 313
203 315
203 322
203 324
203 325
203 331
203 332
203 334
203 338
203 341
203 342
204 213
204 242
204 249
204 254
204 266
204 277
204 302
204 329
204 330
204 346
206 260
207 322
208 277
208 285
208 291
208 332
211 222
211 223
211 238
211 239
211 261
211 265
211 268
211 271
211 272
211 285
211 304
211 313
211 315
211 325
211 331
211 342
212 232
212 239
212 252
212 271
212 295
212 298
212 304
212 344
214 230
214 289
214 312
214 326
214 333
214 343
216 243
218 273
218 275
218 306
218 328
219 319
220 262
220 312
221 285
221 303
221 322
222 238
222 240
222 313
222 325
223 239
223 246
223 252
223 261
223 265
223 271
223 313
223 315
223 325
223 342
224 232
224 236
224 261
224 271
224 276
224 291
224 304
224 315
224 322
224 324
224 332
225 227
225 278
226 312
226 326
226 333
226 343
227 263
227 278
227 296
228 283
229 334
230 253
230 307
231 232
231 239
231 280
231 291
231 315
231 329
231 332
232 239
232 271
232 276
232 280
232 285
232 291
232 298
232 322
233 256
234 239
236 248
236 252
236 257
236 271
236 272
236 276
236 280
236 297
236 303
236 304
236 314
236 315
236 318
236 322
238 239
238 252
238 261
238 265
238 271
238 313
238 324
238 325
238 342
239 252
239 261
239 265
239 271
239 272
239 276
239 277
239 280
239 285
239 295
239 303
239 304
239 313
239 322
239 323
239 325
239 338
239 344
242 249
242 254
242 266
242 299
242 302
242 322
242 330
242 346
243 310
243 312
243 337
244 282
245 259
248 252
248 265
248 277
248 291
248 311
248 323
248 332
249 254
249 266
249 299
249 302
249 304
249 315
249 330
249 346
250 252
250 322
251 281
251 284
251 309
251 320
252 261
252 265
252 271
252 272
252 277
252 280
252 285
252 291
252 297
252 304
252 308
252 313
252 315
252 322
252 324
252 325
252 332
252 334
252 338
252 342
252 345
254 266
254 299
254 302
254 330
254 346
257 258
257 272
257 280
257 295
257 304
257 315
257 322
257 344
258 272
258 291
258 295
258 323
259 264
260 322
260 339
261 265
261 268
261 271
261 285
261 297
261 313
261 314
261 318
261 325
261 342
261 345
262 312
263 296
265 271
265 298
265 311
265 313
265 325
265 331
265 342
266 302
266 330
266 346
268 271
268 325
271 272
271 276
271 277
271 280
271 285
271 290
271 291
271 297
271 298
271 304
271 313
271 314
271 315
271 318
271 322
271 323
271 325
271 331
271 332
271 342
272 277
272 280
272 281
272 285
272 291
272 297
272 304
272 320
272 329
272 346
273 275
273 306
273 328
274 323
274 341
275 306
275 328
276 322
277 280
277 285
277 290
277 291
277 294
277 304
277 308
277 311
277 315
277 322
277 323
277 324
277 325
277 332
277 334
277 339
277 342
280 290
280 291
280 297
280 304
280 315
280 322
280 323
280 329
280 332
281 284
281 309
281 320
284 309
284 320
284 329
288 315
290 322
290 323
290 342
291 315
291 329
291 332
291 339
297 322
297 323
297 324
299 300
299 302
299 330
299 346
300 320
300 346
301 324
302 315
302 330
302 346
303 315
303 322
303 345
305 312
306 328
309 320
310 337
311 325
311 344
312 326
312 343
313 314
313 315
313 325
313 339
313 342
314 342
318 334
319 327
320 329
320 346
323 332
323 341
325 342
326 343
329 332
330 346
331 332
333 343
334 339
349 434
349 478
349 508
349 534
352 368
352 375
352 394
352 398
352 404
352 408
352 409
352 412
352 431
352 456
352 462
352 479
352 484
352 492
352 493
352 494
352 503
352 517
352 525
352 536
352 538
352 542
354 355
354 359
354 361
354 376
354 382
354 396
354 397
354 403
354 450
354 452
354 458
354 463
354 470
354 474
354 481
354 489
354 497
354 500
354 507
354 510
354 519
354 531
354 547
354 555
354 557
355 359
355 361
355 367
355 373
355 376
355 382
355 396
355 397
355 402
355 403
355 410
355 412
355 418
355 452
355 455
355 460
355 463
355 470
355 474
355 475
355 481
355 489
355 497
355 500
355 510
355 515
355 519
355 528
355 531
355 543
355 546
355 547
355 548
355 553
355 555
355 557
355 565
356 411
356 472
359 361
359 367
359 376
359 391
359 396
359 403
359 405
359 422
359 452
359 455
359 470
359 474
359 475
359 481
359 489
359 491
359 530
359 531
359 546
359 547
359 555
359 557
359 562
361 376
361 396
361 405
361 450
361 463
361 470
361 474
361 475
361 481
361 489
361 500
361 519
361 530
361 531
361 547
361 555
361 557
361 562
361 568
362 371
362 373
362 412
362 413
362 415
362 445
362 460
362 463
362 473
362 482
362 492
362 495
362 535
362 542
362 558
362 560
362 570
365 408
365 513
365 520
365 556
371 460
371 542
372 410
372 421
372 422
372 429
372 444
372 455
372 460
372 530
372 531
372 539
372 543
372 545
372 547
372 558
372 568
372 570
375 398
375 404
375 408
375 409
375 431
375 456
375 479
375 484
375 493
375 494
375 503
375 525
375 526
375 538
377 383
379 532
380 389
380 424
380 457
380 486
380 505
380 509
380 516
380 518
380 554
381 389
381 419
381 424
381 457
381 469
381 486
381 509
381 516
381 551
381 554
382 403
382 410
382 452
382 470
382 474
382 500
382 531
382 547
382 555
383 387
384 464
384 552
386 401
386 532
390 450
390 475
390 539
396 403
396 410
396 422
396 450
396 470
396 474
396 475
396 481
396 489
396 500
396 510
396 519
396 531
396 546
396 547
396 548
396 555
396 557
396 568
396 570
403 452
403 458
403 470
403 475
403 489
403 497
403 510
403 515
403 519
403 546
403 547
403 553
403 555
406 437
406 532
410 463
410 474
410 475
410 500
410 547
410 548
410 555
410 557
410 568
411 498
413 415
413 445
413 448
413 460
413 461
413 463
413 465
413 473
413 535
413 542
418 432
418 463
418 465
418 475
418 481
418 497
418 504
418 506
418 510
418 514
418 523
418 544
418 547
418 553
418 555
418 557
418 568
424 435
424 457
424 469
424 486
424 505
424 509
424 516
424 518
424 551
424 554
429 455
429 466
429 481
429 504
429 522
429 529
429 531
429 539
437 453
437 462
437 463
437 467
437 498
437 499
437 532
437 572
440 449
440 456
440 479
440 484
440 493
440 496
440 508
440 525
440 538
443 453
445 460
445 463
445 465
445 473
445 487
445 492
445 493
445 495
445 500
445 520
445 535
445 542
445 556
445 560
448 460
450 452
450 463
450 474
450 475
450 481
450 489
450 497
450 500
450 519
450 531
450 539
450 547
450 548
450 557
453 468
453 498
454 564
458 469
458 470
458 475
458 482
458 489
458 490
458 496
458 497
458 507
458 510
458 514
458 515
458 545
458 553
458 555
462 487
462 493
462 494
462 512
462 517
462 525
462 532
462 536
462 538
466 481
466 504
466 522
466 529
466 531
466 539
467 532
467 572
470 507
470 519
470 531
470 547
470 555
470 562
474 475
474 481
474 489
474 500
474 531
474 546
474 547
474 548
474 557
478 496
478 508
478 534
481 489
481 504
481 519
481 522
481 531
481 539
481 547
481 555
486 505
486 509
486 516
486 551
486 554
488 496
488 497
488 511
488 512
488 513
488 517
488 524
488 527
488 553
488 556
488 559
489 519
489 531
489 535
489 546
489 547
489 555
489 557
490 491
490 502
490 523
490 548
491 502
491 548
495 507
495 514
495 520
495 542
495 544
495 558
495 570
498 532
499 532
502 539
502 548
505 509
505 516
505 551
505 554
509 516
509 518
509 551
509 554
519 531
519 546
519 547
519 548
519 555
519 557
521 544
522 529
522 531
522 539
522 546
522 568
529 531
529 539
532 572
536 538
536 545
536 561
539 560
539 568
540 559
540 560
547 548
547 555
547 557
548 555
548 556
551 554
555 557
573 575
573 579
573 588
573 589
573 592
573 597
573 598
573 603
573 605
573 609
573 611
573 617
573 618
573 619
573 622
573 623
573 625
573 626
573 630
573 633
573 636
573 644
573 653
573 654
573 664
573 666
573 672
573 677
573 680
573 684
573 685
574 579
574 584
574 596
574 616
574 621
574 630
574 631
574 663
574 678
575 579
575 589
575 592
575 612
575 617
575 630
575 654
575 664
575 680
575 685
576 578
576 583
576 600
576 615
576 627
576 640
576 643
576 650
576 658
576 659
576 661
576 675
576 681
577 578
577 582
577 583
577 595
577 599
577 600
577 615
577 627
577 632
577 635
577 640
577 643
577 647
577 650
577 658
577 659
577 661
577 662
577 670
577 675
577 681
578 582
578 583
578 595
578 599
578 600
578 615
578 627
578 632
578 635
578 640
578 643
578 647
578 650
578 658
578 659
578 661
578 662
578 665
578 670
578 675
578 681
579 588
579 589
579 590
579 592
579 597
579 598
579 603
579 605
579 609
579 611
579 612
579 616
579 617
579 619
579 620
579 621
579 622
579 623
579 625
579 626
579 630
579 633
579 636
579 639
579 644
579 653
579 654
579 663
579 664
579 666
579 677
579 680
579 684
579 685
581 642
582 583
582 595
582 599
582 600
582 615
582 627
582 632
582 635
582 640
582 643
582 650
582 658
582 659
582 661
582 662
582 670
582 675
582 681
583 595
583 599
583 600
583 615
583 627
583 628
583 632
583 635
583 640
583 643
583 647
583 650
583 658
583 659
583 661
583 662
583 665
583 670
583 675
583 681
584 592
584 596
584 616
584 618
584 630
584 631
584 637
584 639
584 660
584 678
584 679
584 682
586 587
586 634
586 645
586 646
587 591
587 634
587 645
587 646
587 651
588 592
588 617
588 618
588 619
588 633
588 644
588 653
588 654
588 678
588 682
588 685
589 592
589 596
589 597
589 603
589 605
589 609
589 611
589 617
589 620
589 622
589 623
589 625
589 636
589 654
589 664
589 677
589 684
592 597
592 598
592 603
592 605
592 609
592 611
592 612
592 616
592 617
592 618
592 619
592 620
592 621
592 622
592 623
592 625
592 626
592 630
592 633
592 636
592 644
592 653
592 654
592 655
592 664
592 666
592 672
592 677
592 678
592 680
592 682
592 684
592 685
595 600
595 615
595 627
595 635
595 640
595 643
595 650
595 658
595 659
595 661
595 662
595 670
595 675
595 681
597 603
597 609
597 611
597 618
597 619
597 623
597 625
597 630
597 633
597 636
597 644
597 653
597 654
597 677
597 680
597 684
598 605
598 609
598 618
598 619
598 625
598 630
598 636
598 653
598 654
598 677
598 680
598 684
599 600
599 615
599 627
599 628
599 632
599 635
599 640
599 643
599 647
599 650
599 658
599 659
599 661
599 662
599 665
599 670
599 675
599 681
600 615
600 627
600 628
600 632
600 635
600 640
600 643
600 650
600 658
600 659
600 661
600 662
600 665
600 670
600 675
600 681
603 605
603 609
603 611
603 612
603 619
603 623
603 625
603 644
603 654
603 677
603 680
603 684
605 609
605 617
605 619
605 626
605 630
605 644
605 653
605 654
605 677
605 678
605 680
611 618
611 625
611 636
611 653
611 654
611 664
611 677
611 680
611 684
612 617
612 619
612 630
612 636
612 654
612 664
612 678
612 680
615 627
615 628
615 632
615 635
615 640
615 643
615 647
615 658
615 659
615 661
615 662
615 665
615 670
615 675
615 681
616 618
616 621
616 622
616 623
616 625
616 630
616 631
616 639
616 657
616 660
616 663
616 678
616 684
617 619
617 620
617 625
617 626
617 630
617 644
617 648
617 654
617 664
617 666
617 677
617 680
617 685
618 619
618 630
618 631
618 633
618 636
618 653
618 666
618 678
618 679
618 680
618 682
618 684
618 685
619 623
619 625
619 630
619 633
619 636
619 644
619 653
619 654
619 677
619 678
619 684
619 685
620 630
620 636
620 644
620 653
620 654
620 666
620 672
620 678
621 622
621 663
622 623
622 625
622 639
622 663
622 678
622 684
623 625
623 636
623 654
623 677
623 684
625 630
625 633
625 644
625 653
625 654
625 677
625 684
626 630
626 644
626 654
626 657
626 664
626 677
626 680
627 632
627 635
627 640
627 643
627 647
627 650
627 658
627 659
627 661
627 662
627 665
627 670
627 675
627 681
628 632
628 643
628 647
628 661
628 662
628 665
628 681
631 639
631 678
631 679
631 682
632 635
632 640
632 643
632 647
632 650
632 658
632 659
632 661
632 662
632 665
632 670
632 675
633 636
633 644
633 653
633 666
633 680
635 640
635 643
635 650
635 658
635 659
635 661
635 662
635 670
635 675
635 681
636 644
636 653
636 666
636 677
636 678
636 680
636 684
636 685
640 643
640 647
640 650
640 658
640 659
640 661
640 662
640 670
640 675
640 681
643 650
643 658
643 659
643 661
643 662
643 665
643 670
643 675
643 681
644 654
644 664
644 666
644 680
647 650
647 658
647 659
647 662
647 665
647 670
647 675
647 681
650 658
650 659
650 661
650 662
650 665
650 670
650 681
653 654
653 664
653 666
653 672
653 677
653 678
653 680
653 685
654 664
654 666
654 672
654 677
654 678
654 680
654 683
654 684
654 685
655 657
657 682
658 659
658 661
658 662
658 665
658 670
658 675
658 681
659 661
659 662
659 665
659 670
659 675
659 681
661 662
661 665
661 670
661 675
661 681
662 665
662 670
662 675
662 681
664 666
664 685
665 670
665 675
666 680
670 675
670 681
672 678
675 681
677 680
677 682
677 684
679 682
680 684
680 685
857 862
857 865
857 868
857 871
857 3437
857 3456
857 3495
857 3586
857 3621
857 3626
857 3797
1914 1919
1914 1927
1914 1931
1914 1935
1914 1951
1914 1972
1914 1973
1914 1980
1914 1991
1914 1995
1914 2000
1914 2001
1914 2004
1914 2006
1914 2009
1914 2011
1914 2018
1914 2022
1914 2024
1914 2025
1914 2027
1914 2061
1914 2097
1914 2116
1914 2171
1914 2225
1914 2284
1914 2364
1914 2365
1914 2378
1914 2435
1914 2494
1914 2583
1914 2585
1914 2620
1914 2626
1914 2627
1914 2633
1914 2636
1914 2645
1914 2647
1914 2648
1914 2657
1914 2658
1914 2659
1914 2660
1915 1922
1915 2107
1915 2114
1915 2146
1915 2156
1915 2251
1915 2341
1915 2412
1915 2455
1915 2587
1919 1921
1919 1927
1919 1931
1919 1935
1919 1951
1919 1954
1919 1958
1919 1968
1919 1972
1919 1973
1919 1980
1919 1995
1919 1998
1919 1999
1919 2004
1919 2006
1919 2011
1919 2016
1919 2022
1919 2024
1919 2025
1919 2061
1919 2097
1919 2143
1919 2159
1919 2171
1919 2192
1919 2202
1919 2225
1919 2284
1919 2297
1919 2341
1919 2346
1919 2364
1919 2365
1919 2459
1919 2494
1919 2538
1919 2583
1919 2585
1919 2620
1919 2626
1919 2627
1919 2633
1919 2636
1919 2640
1919 2645
1919 2647
1919 2648
1919 2657
1919 2658
1919 2659
1919 2660
1921 1935
1921 1951
1921 1954
1921 1968
1921 1973
1921 1980
1921 2001
1921 2004
1921 2009
1921 2013
1921 2022
1921 2024
1921 2025
1921 2027
1921 2061
1921 2116
1921 2143
1921 2159
1921 2202
1921 2297
1921 2365
1921 2378
1921 2447
1921 2459
1921 2472
1921 2533
1921 2585
1921 2620
1921 2627
1921 2633
1921 2636
1921 2639
1921 2640
1921 2647
1921 2648
1921 2657
1921 2658
1921 2659
1922 1990
1922 2107
1922 2120
1922 2126
1922 2129
1922 2156
1922 2160
1922 2317
1922 2341
1922 2412
1922 2424
1922 2455
1922 2587
1923 1944
1923 1945
1923 1964
1923 2029
1923 2031
1923 2032
1923 2038
1923 2047
1923 2117
1923 2133
1923 2141
1923 2145
1923 2155
1923 2163
1923 2174
1923 2176
1923 2185
1923 2205
1923 2209
1923 2211
1923 2226
1923 2241
1923 2242
1923 2247
1923 2254
1923 2270
1923 2272
1923 2273
1923 2289
1923 2310
1923 2318
1923 2325
1923 2328
1923 2362
1923 2406
1923 2416
1923 2419
1923 2425
1923 2434
1923 2452
1923 2475
1923 2480
1923 2491
1923 2493
1923 2498
1923 2511
1923 2518
1923 2525
1923 2557
1923 2581
1923 2603
1923 2610
1923 2637
1923 2641
1923 2642
1924 1988
1924 2207
1924 2259
1924 2401
1924 2622
1927 1928
1927 1931
1927 1935
1927 1951
1927 1954
1927 1957
1927 1958
1927 1972
1927 1973
1927 1980
1927 1991
1927 1995
1927 1999
1927 2000
1927 2001
1927 2004
1927 2006
1927 2011
1927 2018
1927 2022
1927 2024
1927 2027
1927 2061
1927 2097
1927 2157
1927 2159
1927 2171
1927 2192
1927 2202
1927 2225
1927 2284
1927 2297
1927 2337
1927 2346
1927 2364
1927 2365
1927 2378
1927 2435
1927 2447
1927 2459
1927 2538
1927 2583
1927 2585
1927 2620
1927 2627
1927 2640
1927 2647
1927 2648
1927 2657
1927 2658
1927 2659
1927 2660
1928 1951
1928 1972
1928 1973
1928 1976
1928 1995
1928 1998
1928 2009
1928 2013
1928 2018
1928 2027
1928 2157
1928 2171
1928 2268
1928 2284
1928 2378
1928 2417
1928 2447
1928 2459
1928 2538
1928 2620
1928 2640
1930 1975
1930 2035
1930 2047
1930 2049
1930 2117
1930 2129
1930 2260
1930 2286
1930 2313
1930 2335
1930 2397
1930 2411
1931 1935
1931 1954
1931 1957
1931 1968
1931 1972
1931 1973
1931 1976
1931 1980
1931 1991
1931 1995
1931 1998
1931 2001
1931 2004
1931 2006
1931 2009
1931 2011
1931 2016
1931 2022
1931 2024
1931 2025
1931 2061
1931 2116
1931 2143
1931 2159
1931 2192
1931 2202
1931 2225
1931 2364
1931 2620
1931 2626
1931 2627
1931 2633
1931 2657
1931 2658
1931 2659
1933 2120
1933 2126
1933 2129
1933 2160
1933 2317
1933 2360
1933 2488
1933 2497
1933 2577
1933 2587
1934 1936
1934 2091
1934 2145
1934 2313
1934 2341
1934 2361
1934 2373
1934 2388
1934 2440
1934 2523
1934 2540
1935 1951
1935 1954
1935 1957
1935 1958
1935 1972
1935 1973
1935 1980
1935 1991
1935 1995
1935 1999
1935 2000
1935 2001
1935 2004
1935 2006
1935 2011
1935 2022
1935 2025
1935 2061
1935 2097
1935 2159
1935 2171
1935 2192
1935 2202
1935 2225
1935 2284
1935 2297
1935 2346
1935 2364
1935 2365
1935 2389
1935 2494
1935 2538
1935 2583
1935 2585
1935 2620
1935 2627
1935 2633
1935 2636
1935 2640
1935 2647
1935 2657
1935 2658
1935 2659
1935 2660
1936 1975
1936 1978
1936 1990
1936 2023
1936 2035
1936 2047
1936 2049
1936 2173
1936 2193
1936 2248
1936 2286
1936 2314
1936 2335
1936 2388
1936 2403
1936 2497
1936 2503
1936 2534
1936 2562
1936 2644
1937 2015
1937 2357
1937 2412
1939 1945
1939 1947
1939 1948
1939 1981
1939 2003
1939 2032
1939 2052
1939 2053
1939 2054
1939 2062
1939 2068
1939 2072
1939 2075
1939 2081
1939 2096
1939 2101
1939 2110
1939 2111
1939 2125
1939 2132
1939 2161
1939 2180
1939 2183
1939 2199
1939 2222
1939 2235
1939 2241
1939 2243
1939 2246
1939 2247
1939 2264
1939 2273
1939 2274
1939 2280
1939 2282
1939 2283
1939 2292
1939 2294
1939 2304
1939 2319
1939 2327
1939 2328
1939 2332
1939 2333
1939 2344
1939 2368
1939 2377
1939 2384
1939 2390
1939 2394
1939 2396
1939 2399
1939 2415
1939 2432
1939 2434
1939 2438
1939 2451
1939 2458
1939 2471
1939 2475
1939 2479
1939 2501
1939 2509
1939 2511
1939 2518
1939 2537
1939 2543
1939 2582
1939 2598
1939 2603
1939 2608
1939 2617
1939 2642
1939 2643
1939 2652
1942 1966
1942 1983
1942 1984
1942 2007
1942 2019
1942 2037
1942 2044
1942 2058
1942 2067
1942 2078
1942 2084
1942 2088
1942 2092
1942 2142
1942 2164
1942 2201
1942 2206
1942 2218
1942 2234
1942 2266
1942 2303
1942 2353
1942 2387
1942 2393
1942 2429
1942 2443
1942 2449
1942 2476
1942 2478
1942 2499
1942 2526
1942 2552
1942 2556
1942 2564
1942 2584
1942 2611
1942 2631
1944 1964
1944 2029
1944 2031
1944 2038
1944 2047
1944 2117
1944 2133
1944 2141
1944 2176
1944 2182
1944 2209
1944 2211
1944 2242
1944 2270
1944 2272
1944 2289
1944 2298
1944 2318
1944 2325
1944 2362
1944 2416
1944 2452
1944 2480
1944 2525
1944 2540
1944 2610
1944 2642
1949 2126
1949 2146
1949 2152
1949 2173
1949 2181
1949 2236
1949 2277
1950 1957
1950 1980
1950 1991
1950 1995
1950 2004
1950 2014
1950 2061
1950 2159
1950 2626
1950 2648
1950 2659
1951 1954
1951 1957
1951 1958
1951 1968
1951 1972
1951 1973
1951 1976
1951 1980
1951 1991
1951 1995
1951 1998
1951 1999
1951 2000
1951 2001
1951 2004
1951 2006
1951 2009
1951 2011
1951 2018
1951 2022
1951 2024
1951 2027
1951 2050
1951 2061
1951 2097
1951 2116
1951 2157
1951 2159
1951 2171
1951 2192
1951 2202
1951 2225
1951 2284
1951 2297
1951 2364
1951 2378
1951 2435
1951 2447
1951 2459
1951 2494
1951 2538
1951 2583
1951 2585
1951 2620
1951 2626
1951 2633
1951 2636
1951 2639
1951 2640
1951 2645
1951 2647
1951 2648
1951 2657
1951 2658
1951 2659
1951 2660
1952 1970
1952 2003
1952 2062
1952 2084
1952 2110
1952 2111
1952 2221
1952 2222
1952 2226
1952 2296
1952 2368
1952 2384
1952 2416
1952 2438
1952 2458
1956 2245
1956 2281
1956 2301
1956 2481
1956 2487
1956 2570
1956 2634
1957 1968
1957 1972
1957 1973
1957 1980
1957 1991
1957 1995
1957 1998
1957 2001
1957 2006
1957 2018
1957 2025
1957 2061
1957 2097
1957 2116
1957 2159
1957 2171
1957 2202
1957 2225
1957 2284
1957 2364
1957 2365
1957 2378
1957 2435
1957 2585
1957 2620
1957 2626
1957 2627
1957 2633
1957 2636
1957 2640
1957 2648
1957 2657
1957 2659
1958 1980
1958 1998
1958 2000
1958 2006
1958 2022
1958 2024
1958 2027
1958 2050
1958 2061
1958 2097
1958 2116
1958 2159
1958 2171
1958 2284
1958 2297
1958 2337
1958 2364
1958 2365
1958 2494
1958 2538
1958 2583
1958 2585
1958 2620
1958 2626
1958 2639
1958 2640
1958 2645
1958 2647
1958 2659
1960 1964
1960 1975
1960 2023
1960 2035
1960 2070
1960 2089
1960 2091
1960 2105
1960 2120
1960 2126
1960 2129
1960 2146
1960 2152
1960 2162
1960 2166
1960 2173
1960 2197
1960 2228
1960 2231
1960 2236
1960 2286
1960 2313
1960 2317
1960 2322
1960 2335
1960 2342
1960 2361
1960 2371
1960 2373
1960 2405
1960 2411
1960 2440
1960 2448
1960 2474
1960 2488
1960 2523
1960 2540
1960 2570
1960 2577
1960 2618
1960 2628
1960 2659
1961 2128
1961 2281
1961 2301
1961 2317
1961 2487
1961 2535
1964 1965
1964 1974
1964 1977
1964 2007
1964 2023
1964 2031
1964 2035
1964 2036
1964 2038
1964 2042
1964 2047
1964 2066
1964 2081
1964 2085
1964 2091
1964 2117
1964 2126
1964 2127
1964 2133
1964 2138
1964 2141
1964 2145
1964 2149
1964 2162
1964 2174
1964 2176
1964 2185
1964 2186
1964 2189
1964 2197
1964 2209
1964 2211
1964 2214
1964 2219
1964 2226
1964 2228
1964 2232
1964 2236
1964 2242
1964 2256
1964 2265
1964 2268
1964 2279
1964 2282
1964 2288
1964 2289
1964 2291
1964 2292
1964 2296
1964 2302
1964 2310
1964 2313
1964 2317
1964 2318
1964 2322
1964 2325
1964 2335
1964 2342
1964 2345
1964 2361
1964 2362
1964 2366
1964 2367
1964 2371
1964 2384
1964 2398
1964 2406
1964 2416
1964 2419
1964 2425
1964 2440
1964 2448
1964 2453
1964 2488
1964 2498
1964 2505
1964 2514
1964 2517
1964 2525
1964 2540
1964 2557
1964 2566
1964 2589
1964 2608
1964 2610
1964 2612
1964 2618
1964 2637
1964 2642
1964 2651
1965 1975
1965 2049
1965 2114
1965 2126
1965 2133
1965 2166
1965 2176
1965 2231
1965 2286
1965 2289
1965 2313
1965 2322
1965 2325
1965 2335
1965 2361
1965 2474
1965 2557
1965 2656
1968 1973
1968 1976
1968 1980
1968 1995
1968 1999
1968 2001
1968 2006
1968 2009
1968 2018
1968 2022
1968 2024
1968 2143
1968 2159
1968 2171
1968 2202
1968 2365
1968 2378
1968 2389
1968 2447
1968 2459
1968 2472
1968 2585
1968 2620
1968 2633
1968 2640
1968 2657
1968 2658
1968 2659
1969 2087
1969 2302
1969 2385
1970 1981
1970 2002
1970 2003
1970 2054
1970 2062
1970 2072
1970 2075
1970 2081
1970 2087
1970 2110
1970 2111
1970 2125
1970 2132
1970 2134
1970 2151
1970 2153
1970 2155
1970 2161
1970 2163
1970 2176
1970 2183
1970 2199
1970 2221
1970 2222
1970 2226
1970 2243
1970 2247
1970 2267
1970 2274
1970 2282
1970 2283
1970 2318
1970 2325
1970 2327
1970 2328
1970 2333
1970 2344
1970 2368
1970 2377
1970 2384
1970 2389
1970 2390
1970 2396
1970 2399
1970 2415
1970 2419
1970 2434
1970 2438
1970 2452
1970 2461
1970 2471
1970 2479
1970 2493
1970 2501
1970 2509
1970 2511
1970 2525
1970 2531
1970 2537
1970 2555
1970 2592
1970 2598
1970 2603
1970 2605
1970 2608
1970 2652
1972 1973
1972 1976
1972 1991
1972 1995
1972 1998
1972 2000
1972 2001
1972 2004
1972 2006
1972 2009
1972 2011
1972 2012
1972 2013
1972 2018
1972 2022
1972 2024
1972 2025
1972 2027
1972 2061
1972 2097
1972 2116
1972 2128
1972 2143
1972 2159
1972 2171
1972 2192
1972 2202
1972 2225
1972 2268
1972 2284
1972 2297
1972 2302
1972 2337
1972 2364
1972 2378
1972 2389
1972 2435
1972 2447
1972 2459
1972 2472
1972 2494
1972 2531
1972 2538
1972 2583
1972 2585
1972 2620
1972 2627
1972 2629
1972 2633
1972 2636
1972 2639
1972 2640
1972 2645
1972 2647
1972 2648
1972 2657
1972 2658
1972 2659
1972 2660
1973 1976
1973 1980
1973 1995
1973 1999
1973 2001
1973 2004
1973 2006
1973 2009
1973 2011
1973 2016
1973 2018
1973 2022
1973 2024
1973 2050
1973 2061
1973 2097
1973 2116
1973 2127
1973 2143
1973 2159
1973 2171
1973 2192
1973 2202
1973 2225
1973 2268
1973 2284
1973 2297
1973 2319
1973 2337
1973 2346
1973 2364
1973 2365
1973 2378
1973 2384
1973 2435
1973 2459
1973 2494
1973 2538
1973 2583
1973 2616
1973 2620
1973 2626
1973 2627
1973 2633
1973 2636
1973 2640
1973 2647
1973 2648
1973 2657
1973 2659
1973 2660
1974 2214
1974 2368
1974 2453
1974 2505
1974 2651
1975 1990
1975 2035
1975 2047
1975 2049
1975 2114
1975 2119
1975 2126
1975 2156
1975 2158
1975 2173
1975 2175
1975 2193
1975 2197
1975 2228
1975 2236
1975 2248
1975 2286
1975 2313
1975 2314
1975 2322
1975 2335
1975 2360
1975 2361
1975 2368
1975 2397
1975 2403
1975 2411
1975 2474
1975 2488
1975 2503
1975 2534
1976 1991
1976 1998
1976 1999
1976 2000
1976 2001
1976 2004
1976 2006
1976 2009
1976 2012
1976 2013
1976 2018
1976 2022
1976 2024
1976 2099
1976 2157
1976 2159
1976 2171
1976 2192
1976 2268
1976 2284
1976 2337
1976 2364
1976 2365
1976 2384
1976 2447
1976 2459
1976 2472
1976 2583
1976 2620
1976 2639
1976 2659
1977 2036
1977 2211
1977 2214
1977 2256
1977 2265
1977 2291
1977 2566
1978 1990
1978 2047
1978 2049
1978 2173
1978 2248
1978 2286
1978 2314
1978 2397
1978 2403
1978 2474
1978 2497
1978 2503
1978 2534
1980 1991
1980 1995
1980 1998
1980 1999
1980 2001
1980 2006
1980 2009
1980 2011
1980 2012
1980 2014
1980 2018
1980 2022
1980 2024
1980 2025
1980 2027
1980 2050
1980 2061
1980 2097
1980 2116
1980 2143
1980 2159
1980 2171
1980 2202
1980 2284
1980 2297
1980 2337
1980 2346
1980 2364
1980 2365
1980 2378
1980 2435
1980 2538
1980 2583
1980 2585
1980 2620
1980 2626
1980 2633
1980 2636
1980 2640
1980 2645
1980 2647
1980 2648
1980 2657
1980 2659
1981 2003
1981 2007
1981 2026
1981 2029
1981 2053
1981 2054
1981 2062
1981 2071
1981 2072
1981 2075
1981 2081
1981 2101
1981 2110
1981 2111
1981 2132
1981 2161
1981 2199
1981 2221
1981 2222
1981 2235
1981 2243
1981 2264
1981 2274
1981 2280
1981 2282
1981 2294
1981 2304
1981 2327
1981 2328
1981 2333
1981 2336
1981 2344
1981 2384
1981 2390
1981 2394
1981 2396
1981 2399
1981 2434
1981 2438
1981 2451
1981 2458
1981 2479
1981 2501
1981 2509
1981 2511
1981 2537
1981 2592
1981 2603
1981 2617
1981 2652
1982 1988
1982 2085
1982 2092
1982 2134
1982 2142
1982 2222
1982 2235
1982 2262
1982 2280
1982 2327
1982 2345
1982 2349
1982 2443
1982 2512
1982 2513
1982 2522
1982 2560
1982 2594
1987 2038
1987 2039
1987 2042
1987 2047
1987 2057
1987 2087
1987 2111
1987 2133
1987 2134
1987 2138
1987 2169
1987 2174
1987 2191
1987 2194
1987 2199
1987 2215
1987 2223
1987 2232
1987 2254
1987 2268
1987 2273
1987 2278
1987 2289
1987 2305
1987 2332
1987 2344
1987 2372
1987 2385
1987 2417
1987 2419
1987 2445
1987 2510
1987 2581
1988 1992
1988 2076
1988 2170
1988 2207
1988 2259
1988 2320
1988 2349
1988 2398
1988 2399
1988 2401
1988 2426
1988 2443
1988 2444
1988 2466
1988 2486
1988 2490
1988 2513
1988 2515
1988 2594
1988 2622
1988 2650
1990 2047
1990 2049
1990 2152
1990 2173
1990 2248
1990 2286
1990 2314
1990 2335
1990 2361
1990 2397
1990 2405
1990 2497
1990 2503
1990 2534
1990 2644
1991 1995
1991 1998
1991 2001
1991 2004
1991 2006
1991 2011
1991 2018
1991 2022
1991 2024
1991 2027
1991 2061
1991 2097
1991 2116
1991 2157
1991 2159
1991 2171
1991 2225
1991 2284
1991 2346
1991 2364
1991 2365
1991 2378
1991 2459
1991 2494
1991 2538
1991 2583
1991 2620
1991 2626
1991 2627
1991 2633
1991 2636
1991 2639
1991 2645
1991 2647
1991 2648
1991 2657
1991 2660
1992 2170
1992 2207
1992 2255
1992 2320
1992 2349
1992 2401
1992 2426
1992 2444
1992 2466
1992 2486
1992 2513
1992 2622
1992 2650
1995 1998
1995 1999
1995 2000
1995 2001
1995 2004
1995 2006
1995 2009
1995 2011
1995 2012
1995 2016
1995 2018
1995 2024
1995 2025
1995 2027
1995 2050
1995 2061
1995 2116
1995 2157
1995 2159
1995 2171
1995 2225
1995 2268
1995 2284
1995 2337
1995 2346
1995 2364
1995 2365
1995 2378
1995 2417
1995 2435
1995 2447
1995 2459
1995 2494
1995 2538
1995 2583
1995 2585
1995 2620
1995 2627
1995 2633
1995 2636
1995 2639
1995 2640
1995 2645
1995 2647
1995 2648
1995 2657
1995 2660
1996 2017
1996 2565
1996 2581
1998 2000
1998 2001
1998 2004
1998 2006
1998 2009
1998 2011
1998 2016
1998 2018
1998 2022
1998 2027
1998 2050
1998 2097
1998 2116
1998 2157
1998 2159
1998 2171
1998 2225
1998 2284
1998 2337
1998 2346
1998 2364
1998 2365
1998 2378
1998 2447
1998 2459
1998 2494
1998 2538
1998 2571
1998 2583
1998 2585
1998 2620
1998 2626
1998 2627
1998 2636
1998 2639
1998 2640
1998 2645
1998 2647
1998 2648
1998 2657
1998 2660
1999 2004
1999 2006
1999 2009
1999 2012
1999 2018
1999 2027
1999 2116
1999 2143
1999 2171
1999 2284
1999 2297
1999 2337
1999 2365
1999 2378
1999 2459
1999 2538
1999 2583
1999 2620
1999 2627
1999 2633
1999 2640
1999 2645
1999 2647
2000 2001
2000 2011
2000 2018
2000 2022
2000 2024
2000 2050
2000 2097
2000 2157
2000 2171
2000 2192
2000 2202
2000 2284
2000 2337
2000 2364
2000 2365
2000 2435
2000 2472
2000 2494
2000 2538
2000 2636
2000 2639
2000 2645
2000 2647
2001 2004
2001 2006
2001 2009
2001 2011
2001 2012
2001 2018
2001 2022
2001 2024
2001 2025
2001 2027
2001 2061
2001 2116
2001 2143
2001 2157
2001 2159
2001 2171
2001 2192
2001 2225
2001 2284
2001 2337
2001 2346
2001 2364
2001 2365
2001 2378
2001 2435
2001 2447
2001 2472
2001 2494
2001 2538
2001 2583
2001 2585
2001 2620
2001 2627
2001 2633
2001 2636
2001 2639
2001 2640
2001 2645
2001 2647
2001 2648
2001 2657
2001 2660
2004 2009
2004 2016
2004 2018
2004 2022
2004 2024
2004 2027
2004 2116
2004 2157
2004 2171
2004 2192
2004 2202
2004 2268
2004 2337
2004 2364
2004 2365
2004 2378
2004 2417
2004 2435
2004 2447
2004 2494
2004 2538
2004 2620
2004 2626
2004 2627
2004 2640
2004 2645
2004 2647
2004 2648
2004 2657
2004 2658
2004 2659
2004 2660
2006 2011
2006 2014
2006 2018
2006 2022
2006 2024
2006 2027
2006 2061
2006 2097
2006 2116
2006 2159
2006 2171
2006 2192
2006 2202
2006 2225
2006 2284
2006 2297
2006 2364
2006 2365
2006 2378
2006 2447
2006 2494
2006 2585
2006 2620
2006 2626
2006 2627
2006 2636
2006 2639
2006 2645
2006 2648
2006 2657
2006 2658
2006 2659
2006 2660
2008 2114
2008 2126
2008 2152
2008 2232
2008 2412
2008 2455
2009 2011
2009 2013
2009 2018
2009 2024
2009 2027
2009 2116
2009 2143
2009 2157
2009 2159
2009 2268
2009 2297
2009 2337
2009 2365
2009 2378
2009 2417
2009 2435
2009 2447
2009 2459
2009 2472
2009 2538
2009 2571
2009 2583
2009 2640
2009 2647
2009 2648
2009 2657
2009 2660
2011 2022
2011 2025
2011 2061
2011 2097
2011 2116
2011 2157
2011 2171
2011 2192
2011 2225
2011 2284
2011 2364
2011 2447
2011 2459
2011 2472
2011 2494
2011 2585
2011 2627
2011 2639
2011 2645
2011 2648
2011 2657
2011 2658
2011 2660
2012 2018
2012 2116
2012 2157
2012 2171
2012 2364
2012 2365
2012 2378
2012 2494
2013 2018
2013 2297
2013 2459
2014 2061
2014 2225
2014 2284
2014 2364
2014 2626
2014 2648
2015 2152
2015 2156
2015 2357
2016 2018
2016 2022
2016 2024
2016 2116
2016 2225
2016 2284
2016 2364
2016 2447
2016 2494
2016 2645
2016 2657
2017 2041
2017 2296
2017 2321
2017 2421
2017 2565
2018 2022
2018 2024
2018 2027
2018 2050
2018 2116
2018 2157
2018 2159
2018 2171
2018 2192
2018 2268
2018 2284
2018 2297
2018 2337
2018 2346
2018 2364
2018 2365
2018 2378
2018 2417
2018 2435
2018 2447
2018 2459
2018 2472
2018 2494
2018 2538
2018 2571
2018 2636
2018 2640
2018 2645
2018 2647
2018 2648
2018 2657
2019 2037
2019 2058
2019 2067
2019 2092
2019 2234
2019 2303
2019 2334
2019 2387
2019 2393
2019 2443
2019 2449
2019 2476
2019 2478
2019 2499
2019 2526
2019 2584
2021 2030
2021 2103
2021 2172
2021 2179
2021 2233
2021 2244
2021 2276
2021 2348
2021 2369
2021 2407
2021 2409
2021 2410
2021 2428
2021 2464
2021 2484
2021 2485
2021 2526
2021 2543
2021 2560
2021 2563
2021 2564
2021 2574
2021 2601
2021 2604
2022 2024
2022 2050
2022 2097
2022 2116
2022 2157
2022 2171
2022 2192
2022 2202
2022 2225
2022 2268
2022 2284
2022 2297
2022 2364
2022 2365
2022 2447
2022 2459
2022 2472
2022 2538
2022 2585
2022 2620
2022 2633
2022 2639
2022 2640
2022 2657
2022 2658
2022 2659
2022 2660
2023 2035
2023 2047
2023 2089
2023 2091
2023 2129
2023 2193
2023 2197
2023 2231
2023 2236
2023 2316
2023 2317
2023 2341
2023 2361
2023 2366
2023 2371
2023 2412
2023 2440
2023 2474
2023 2488
2023 2577
2023 2628
2024 2027
2024 2097
2024 2157
2024 2159
2024 2171
2024 2192
2024 2202
2024 2268
2024 2284
2024 2364
2024 2365
2024 2378
2024 2447
2024 2459
2024 2494
2024 2538
2024 2583
2024 2585
2024 2620
2024 2636
2024 2639
2024 2640
2024 2645
2024 2647
2024 2648
2024 2658
2024 2659
2024 2660
2025 2061
2025 2097
2025 2159
2025 2171
2025 2202
2025 2225
2025 2346
2025 2364
2025 2365
2025 2583
2025 2620
2025 2626
2025 2627
2025 2633
2025 2648
2025 2657
2025 2658
2025 2659
2027 2116
2027 2157
2027 2159
2027 2171
2027 2202
2027 2268
2027 2284
2027 2337
2027 2346
2027 2364
2027 2365
2027 2378
2027 2435
2027 2447
2027 2459
2027 2538
2027 2583
2027 2626
2027 2633
2027 2636
2027 2639
2027 2640
2027 2645
2027 2657
2029 2062
2029 2081
2029 2117
2029 2182
2029 2199
2029 2242
2029 2272
2029 2282
2029 2294
2029 2298
2029 2304
2029 2313
2029 2318
2029 2325
2029 2328
2029 2333
2029 2344
2029 2362
2029 2396
2029 2438
2029 2452
2029 2480
2029 2501
2029 2509
2029 2540
2029 2581
2029 2605
2029 2637
2029 2642
2034 2041
2034 2120
2034 2156
2034 2204
2034 2321
2034 2421
2034 2437
2035 2049
2035 2082
2035 2089
2035 2091
2035 2107
2035 2126
2035 2129
2035 2197
2035 2228
2035 2231
2035 2236
2035 2313
2035 2361
2035 2366
2035 2371
2035 2397
2035 2402
2035 2440
2035 2448
2035 2488
2035 2614
2035 2618
2035 2628
2036 2047
2036 2133
2036 2211
2036 2214
2036 2265
2036 2288
2036 2289
2036 2291
2036 2318
2036 2345
2036 2366
2036 2406
2036 2453
2036 2566
2036 2610
2036 2612
2041 2313
2041 2321
2041 2342
2041 2456
2041 2634
2044 2058
2044 2084
2044 2142
2044 2266
2044 2288
2044 2309
2044 2387
2044 2410
2044 2427
2044 2429
2044 2449
2044 2454
2044 2476
2044 2478
2044 2499
2044 2512
2044 2520
2044 2602
2044 2611
2044 2631
2048 2085
2048 2128
2048 2132
2048 2150
2048 2155
2048 2211
2048 2226
2048 2233
2048 2287
2048 2289
2048 2292
2048 2296
2048 2425
2048 2498
2048 2544
2048 2581
2049 2082
2049 2089
2049 2158
2049 2173
2049 2231
2049 2248
2049 2286
2049 2313
2049 2314
2049 2317
2049 2335
2049 2371
2049 2397
2049 2403
2049 2411
2049 2440
2049 2448
2049 2474
2049 2488
2049 2497
2049 2503
2049 2523
2049 2534
2049 2562
2049 2570
2049 2612
2049 2628
2049 2644
2050 2157
2050 2171
2050 2297
2050 2337
2050 2365
2050 2378
2050 2435
2050 2447
2050 2494
2050 2538
2050 2640
2050 2645
2050 2647
2051 2113
2051 2126
2051 2313
2051 2342
2051 2450
2051 2558
2051 2614
2051 2632
2055 2056
2055 2059
2055 2060
2055 2077
2055 2078
2055 2083
2055 2115
2055 2142
2055 2150
2055 2188
2055 2200
2055 2201
2055 2206
2055 2216
2055 2218
2055 2229
2055 2240
2055 2257
2055 2266
2055 2271
2055 2278
2055 2300
2055 2302
2055 2307
2055 2323
2055 2324
2055 2329
2055 2331
2055 2339
2055 2347
2055 2356
2055 2369
2055 2370
2055 2376
2055 2404
2055 2410
2055 2414
2055 2446
2055 2469
2055 2477
2055 2499
2055 2506
2055 2526
2055 2539
2055 2542
2055 2543
2055 2550
2055 2559
2055 2560
2055 2575
2055 2590
2055 2593
2055 2600
2055 2604
2055 2611
2055 2615
2055 2619
2057 2065
2057 2068
2057 2081
2057 2087
2057 2102
2057 2111
2057 2134
2057 2138
2057 2149
2057 2199
2057 2208
2057 2210
2057 2215
2057 2223
2057 2254
2057 2268
2057 2292
2057 2302
2057 2305
2057 2332
2057 2333
2057 2336
2057 2372
2057 2384
2057 2385
2057 2445
2057 2491
2057 2508
2057 2511
2057 2530
2057 2572
2057 2575
2057 2592
2057 2608
2058 2063
2058 2064
2058 2073
2058 2078
2058 2086
2058 2088
2058 2092
2058 2093
2058 2104
2058 2118
2058 2121
2058 2123
2058 2131
2058 2139
2058 2142
2058 2150
2058 2154
2058 2172
2058 2206
2058 2216
2058 2218
2058 2229
2058 2233
2058 2234
2058 2237
2058 2244
2058 2266
2058 2275
2058 2290
2058 2309
2058 2331
2058 2334
2058 2347
2058 2370
2058 2383
2058 2395
2058 2409
2058 2429
2058 2433
2058 2454
2058 2467
2058 2478
2058 2482
2058 2492
2058 2507
2058 2526
2058 2546
2058 2552
2058 2564
2058 2573
2058 2586
2058 2590
2058 2594
2058 2601
2058 2604
2058 2607
2058 2611
2058 2623
2058 2624
2058 2646
2058 2654
2061 2097
2061 2116
2061 2143
2061 2159
2061 2171
2061 2202
2061 2225
2061 2284
2061 2297
2061 2346
2061 2364
2061 2538
2061 2583
2061 2585
2061 2620
2061 2626
2061 2627
2061 2633
2061 2636
2061 2640
2061 2645
2061 2647
2061 2648
2061 2657
2061 2658
2061 2659
2061 2660
2066 2133
2066 2211
2066 2514
2066 2517
2066 2642
2067 2084
2067 2092
2067 2147
2067 2154
2067 2189
2067 2200
2067 2234
2067 2262
2067 2300
2067 2303
2067 2334
2067 2387
2067 2391
2067 2393
2067 2428
2067 2429
2067 2430
2067 2449
2067 2476
2067 2478
2067 2489
2067 2507
2067 2526
2067 2576
2067 2584
2067 2602
2067 2646
2070 2091
2070 2126
2070 2129
2070 2156
2070 2236
2070 2260
2070 2335
2070 2361
2070 2488
2070 2570
2070 2644
2075 2081
2075 2110
2075 2111
2075 2128
2075 2132
2075 2161
2075 2199
2075 2221
2075 2222
2075 2235
2075 2243
2075 2274
2075 2280
2075 2282
2075 2327
2075 2328
2075 2333
2075 2344
2075 2377
2075 2384
2075 2390
2075 2394
2075 2396
2075 2415
2075 2434
2075 2438
2075 2451
2075 2479
2075 2501
2075 2509
2075 2511
2075 2537
2075 2572
2075 2603
2075 2617
2075 2652
2076 2170
2076 2207
2076 2255
2076 2320
2076 2349
2076 2401
2076 2425
2076 2426
2076 2444
2076 2466
2076 2486
2076 2513
2076 2515
2076 2622
2076 2650
2080 2145
2080 2193
2080 2236
2080 2277
2080 2313
2080 2614
2080 2656
2082 2089
2082 2120
2082 2152
2082 2228
2082 2371
2082 2397
2082 2402
2082 2412
2082 2440
2082 2448
2082 2488
2082 2540
2082 2570
2082 2644
2085 2091
2085 2107
2085 2145
2085 2152
2085 2186
2085 2197
2085 2211
2085 2226
2085 2232
2085 2235
2085 2265
2085 2296
2085 2322
2085 2341
2085 2366
2085 2367
2085 2379
2085 2406
2085 2473
2085 2523
2085 2566
2085 2581
2085 2610
2085 2612
2089 2107
2089 2126
2089 2228
2089 2231
2089 2236
2089 2313
2089 2361
2089 2371
2089 2397
2089 2402
2089 2440
2089 2448
2089 2488
2089 2570
2089 2614
2089 2618
2089 2628
2091 2099
2091 2105
2091 2126
2091 2129
2091 2130
2091 2146
2091 2156
2091 2160
2091 2162
2091 2173
2091 2197
2091 2231
2091 2236
2091 2260
2091 2313
2091 2317
2091 2341
2091 2342
2091 2361
2091 2371
2091 2411
2091 2440
2091 2448
2091 2488
2091 2540
2091 2659
2092 2140
2092 2147
2092 2172
2092 2189
2092 2200
2092 2206
2092 2234
2092 2262
2092 2271
2092 2288
2092 2300
2092 2303
2092 2331
2092 2350
2092 2383
2092 2387
2092 2391
2092 2393
2092 2409
2092 2423
2092 2428
2092 2429
2092 2449
2092 2478
2092 2492
2092 2507
2092 2526
2092 2576
2092 2584
2092 2590
2092 2602
2092 2607
2094 2167
2094 2245
2094 2281
2094 2301
2094 2487
2094 2535
2096 2132
2096 2222
2096 2243
2096 2328
2096 2333
2096 2390
2096 2432
2096 2434
2096 2438
2096 2480
2096 2501
2096 2509
2096 2518
2096 2568
2096 2603
2097 2171
2097 2192
2097 2225
2097 2284
2097 2364
2097 2447
2097 2538
2097 2585
2097 2620
2097 2626
2097 2640
2097 2645
2097 2647
2097 2648
2097 2657
2097 2658
2097 2659
2097 2660
2099 2126
2099 2197
2099 2199
2099 2230
2099 2247
2099 2283
2099 2313
2099 2358
2099 2461
2099 2510
2099 2555
2100 2113
2100 2217
2100 2313
2100 2450
2100 2558
2105 2120
2105 2126
2105 2236
2105 2238
2105 2260
2105 2342
2105 2360
2105 2570
2106 2168
2106 2421
2106 2437
2107 2117
2107 2120
2107 2126
2107 2145
2107 2146
2107 2152
2107 2160
2107 2166
2107 2227
2107 2228
2107 2236
2107 2260
2107 2313
2107 2314
2107 2322
2107 2325
2107 2342
2107 2403
2107 2411
2107 2412
2107 2424
2107 2440
2107 2488
2107 2497
2107 2562
2107 2570
2107 2587
2107 2628
2107 2644
2107 2656
2110 2111
2110 2132
2110 2142
2110 2161
2110 2199
2110 2221
2110 2222
2110 2226
2110 2235
2110 2282
2110 2327
2110 2328
2110 2333
2110 2344
2110 2377
2110 2384
2110 2390
2110 2394
2110 2396
2110 2415
2110 2432
2110 2434
2110 2438
2110 2479
2110 2501
2110 2511
2110 2537
2110 2603
2110 2652
2113 2217
2113 2313
2113 2439
2113 2450
2113 2548
2113 2558
2113 2614
2114 2119
2114 2156
2114 2160
2114 2176
2114 2228
2114 2231
2114 2260
2114 2322
2114 2361
2114 2412
2116 2128
2116 2145
2116 2157
2116 2159
2116 2171
2116 2202
2116 2203
2116 2225
2116 2233
2116 2268
2116 2284
2116 2312
2116 2337
2116 2351
2116 2355
2116 2364
2116 2365
2116 2378
2116 2389
2116 2413
2116 2447
2116 2459
2116 2529
2116 2531
2116 2538
2116 2571
2116 2583
2116 2616
2116 2633
2116 2636
2116 2639
2116 2640
2116 2642
2116 2645
2116 2648
2116 2660
2119 2129
2119 2313
2119 2361
2119 2371
2119 2397
2119 2412
2119 2474
2119 2488
2119 2558
2119 2570
2119 2618
2119 2644
2120 2126
2120 2129
2120 2156
2120 2160
2120 2181
2120 2260
2120 2313
2120 2317
2120 2405
2120 2412
2120 2448
2120 2523
2120 2577
2120 2587
2120 2628
2126 2129
2126 2146
2126 2152
2126 2160
2126 2162
2126 2173
2126 2181
2126 2197
2126 2231
2126 2236
2126 2283
2126 2301
2126 2313
2126 2317
2126 2335
2126 2341
2126 2360
2126 2361
2126 2366
2126 2371
2126 2405
2126 2412
2126 2424
2126 2440
2126 2448
2126 2455
2126 2488
2126 2535
2126 2540
2126 2570
2126 2577
2126 2587
2126 2628
2126 2659
2129 2146
2129 2181
2129 2231
2129 2236
2129 2260
2129 2313
2129 2317
2129 2342
2129 2357
2129 2371
2129 2373
2129 2397
2129 2402
2129 2405
2129 2412
2129 2440
2129 2448
2129 2488
2129 2540
2129 2570
2129 2577
2129 2587
2129 2614
2129 2628
2129 2644
2129 2656
2130 2156
2130 2160
2130 2197
2130 2313
2130 2341
2130 2397
2130 2448
2130 2618
2130 2659
2136 2164
2136 2172
2136 2184
2136 2200
2136 2201
2136 2206
2136 2216
2136 2220
2136 2229
2136 2233
2136 2244
2136 2261
2136 2275
2136 2300
2136 2307
2136 2308
2136 2326
2136 2340
2136 2347
2136 2354
2136 2363
2136 2370
2136 2374
2136 2376
2136 2404
2136 2408
2136 2409
2136 2418
2136 2423
2136 2428
2136 2446
2136 2464
2136 2467
2136 2477
2136 2489
2136 2500
2136 2504
2136 2507
2136 2532
2136 2539
2136 2543
2136 2564
2136 2576
2136 2611
2136 2625
2136 2638
2136 2646
2141 2176
2141 2205
2141 2209
2141 2211
2141 2242
2141 2270
2141 2272
2141 2289
2141 2318
2141 2362
2141 2416
2141 2419
2141 2425
2141 2610
2141 2637
2141 2642
2145 2146
2145 2176
2145 2186
2145 2211
2145 2232
2145 2235
2145 2236
2145 2277
2145 2289
2145 2296
2145 2313
2145 2322
2145 2325
2145 2357
2145 2366
2145 2367
2145 2406
2145 2416
2145 2473
2145 2502
2145 2525
2145 2544
2145 2566
2145 2610
2145 2612
2145 2637
2145 2642
2145 2656
2145 2659
2146 2152
2146 2160
2146 2162
2146 2173
2146 2181
2146 2193
2146 2341
2146 2361
2146 2371
2146 2405
2146 2411
2146 2424
2146 2455
2146 2488
2146 2659
2147 2188
2147 2189
2147 2218
2147 2262
2147 2266
2147 2271
2147 2288
2147 2300
2147 2311
2147 2339
2147 2350
2147 2376
2147 2383
2147 2387
2147 2391
2147 2404
2147 2428
2147 2443
2147 2476
2147 2478
2147 2545
2147 2575
2147 2576
2147 2590
2147 2600
2147 2604
2147 2611
2147 2615
2152 2231
2152 2236
2152 2248
2152 2357
2152 2373
2152 2388
2152 2405
2156 2160
2156 2162
2156 2173
2156 2197
2156 2231
2156 2251
2156 2322
2156 2341
2156 2360
2156 2388
2156 2412
2156 2424
2156 2455
2156 2577
2156 2587
2156 2659
2157 2171
2157 2192
2157 2202
2157 2225
2157 2268
2157 2337
2157 2364
2157 2365
2157 2378
2157 2417
2157 2447
2157 2459
2157 2538
2157 2583
2157 2636
2157 2640
2157 2645
2157 2648
2158 2228
2158 2231
2158 2335
2158 2411
2158 2474
2158 2488
2158 2523
2159 2171
2159 2192
2159 2202
2159 2225
2159 2284
2159 2297
2159 2346
2159 2364
2159 2365
2159 2538
2159 2583
2159 2585
2159 2620
2159 2626
2159 2627
2159 2633
2159 2640
2159 2648
2159 2657
2159 2659
2160 2238
2160 2251
2160 2260
2160 2313
2160 2341
2160 2360
2160 2361
2160 2405
2160 2412
2160 2455
2160 2577
2160 2587
2160 2659
2161 2194
2161 2199
2161 2221
2161 2222
2161 2232
2161 2235
2161 2243
2161 2259
2161 2264
2161 2267
2161 2280
2161 2282
2161 2292
2161 2294
2161 2304
2161 2327
2161 2328
2161 2333
2161 2336
2161 2338
2161 2344
2161 2367
2161 2379
2161 2384
2161 2390
2161 2394
2161 2396
2161 2415
2161 2417
2161 2434
2161 2438
2161 2451
2161 2458
2161 2471
2161 2473
2161 2475
2161 2479
2161 2491
2161 2501
2161 2508
2161 2509
2161 2511
2161 2522
2161 2537
2161 2543
2161 2547
2161 2555
2161 2592
2161 2594
2161 2597
2161 2598
2161 2603
2161 2608
2161 2617
2161 2649
2161 2652
2162 2173
2162 2238
2162 2313
2162 2325
2162 2341
2162 2371
2162 2405
2162 2540
2166 2289
2166 2335
2166 2361
2166 2371
2166 2405
2167 2281
2167 2487
2167 2535
2168 2421
2170 2207
2170 2255
2170 2320
2170 2349
2170 2399
2170 2401
2170 2426
2170 2444
2170 2466
2170 2486
2170 2490
2170 2513
2170 2622
2170 2650
2171 2192
2171 2202
2171 2225
2171 2268
2171 2284
2171 2297
2171 2337
2171 2346
2171 2364
2171 2365
2171 2378
2171 2417
2171 2435
2171 2447
2171 2459
2171 2494
2171 2538
2171 2583
2171 2620
2171 2627
2171 2633
2171 2636
2171 2639
2171 2640
2171 2645
2171 2647
2171 2648
2171 2657
2171 2658
2171 2660
2173 2248
2173 2251
2173 2260
2173 2286
2173 2314
2173 2335
2173 2341
2173 2357
2173 2403
2173 2405
2173 2411
2173 2412
2173 2497
2173 2503
2173 2534
2173 2540
2175 2176
2175 2286
2175 2289
2175 2642
2177 2252
2177 2282
2177 2294
2177 2304
2177 2325
2177 2328
2177 2333
2177 2451
2177 2509
2178 2316
2178 2321
2181 2357
2181 2371
2181 2373
2181 2405
2181 2412
2181 2440
2181 2497
2181 2562
2181 2587
2181 2644
2181 2656
2182 2242
2182 2452
2182 2480
2182 2610
2182 2642
2186 2211
2186 2232
2186 2277
2186 2296
2186 2366
2186 2367
2186 2379
2186 2406
2186 2425
2186 2473
2186 2566
2192 2202
2192 2225
2192 2297
2192 2364
2192 2365
2192 2435
2192 2447
2192 2459
2192 2472
2192 2538
2192 2585
2192 2620
2192 2626
2192 2639
2192 2640
2192 2645
2192 2648
2192 2657
2192 2658
2192 2659
2193 2316
2193 2335
2193 2373
2193 2397
2193 2411
2193 2497
2193 2656
2197 2236
2197 2260
2197 2313
2197 2341
2197 2361
2197 2371
2197 2440
2197 2455
2197 2540
2197 2659
2202 2225
2202 2284
2202 2297
2202 2346
2202 2364
2202 2365
2202 2378
2202 2389
2202 2447
2202 2459
2202 2538
2202 2585
2202 2620
2202 2626
2202 2627
2202 2633
2202 2636
2202 2639
2202 2640
2202 2647
2202 2657
2202 2658
2202 2659
2204 2421
2204 2437
2205 2209
2205 2211
2205 2232
2205 2325
2205 2366
2205 2416
2205 2473
2207 2255
2207 2259
2207 2320
2207 2349
2207 2393
2207 2426
2207 2444
2207 2466
2207 2478
2207 2486
2207 2513
2207 2515
2207 2526
2207 2550
2207 2622
2207 2650
2208 2215
2208 2229
2208 2292
2208 2302
2208 2324
2208 2333
2208 2347
2208 2384
2208 2385
2208 2462
2208 2530
2208 2560
2208 2592
2208 2608
2209 2211
2209 2226
2209 2232
2209 2242
2209 2270
2209 2272
2209 2283
2209 2289
2209 2296
2209 2325
2209 2362
2209 2416
2209 2419
2209 2425
2209 2480
2209 2498
2209 2525
2209 2610
2209 2637
2209 2641
2209 2642
2211 2214
2211 2232
2211 2254
2211 2272
2211 2289
2211 2291
2211 2296
2211 2313
2211 2318
2211 2322
2211 2325
2211 2327
2211 2345
2211 2362
2211 2366
2211 2367
2211 2396
2211 2406
2211 2416
2211 2419
2211 2425
2211 2473
2211 2525
2211 2566
2211 2594
2211 2608
2211 2610
2211 2612
2211 2637
2211 2642
2211 2656
2214 2219
2214 2228
2214 2256
2214 2265
2214 2288
2214 2289
2214 2291
2214 2302
2214 2313
2214 2318
2214 2345
2214 2366
2214 2367
2214 2406
2214 2453
2214 2514
2214 2624
2217 2313
2217 2375
2217 2422
2217 2439
2217 2448
2217 2450
2217 2540
2217 2548
2217 2558
2217 2618
2219 2345
2219 2406
2221 2222
2221 2226
2221 2235
2221 2243
2221 2328
2221 2333
2221 2344
2221 2350
2221 2384
2221 2390
2221 2394
2221 2396
2221 2415
2221 2432
2221 2434
2221 2438
2221 2479
2221 2501
2221 2511
2221 2537
2221 2568
2221 2603
2221 2641
2221 2652
2222 2226
2222 2235
2222 2243
2222 2247
2222 2272
2222 2274
2222 2327
2222 2328
2222 2333
2222 2344
2222 2377
2222 2384
2222 2390
2222 2415
2222 2432
2222 2434
2222 2438
2222 2479
2222 2501
2222 2511
2222 2537
2222 2568
2222 2603
2222 2617
2222 2651
2222 2652
2225 2284
2225 2364
2225 2378
2225 2472
2225 2494
2225 2620
2225 2627
2225 2639
2225 2640
2225 2645
2225 2648
2225 2657
2225 2660
2226 2246
2226 2283
2226 2296
2226 2304
2226 2310
2226 2322
2226 2325
2226 2345
2226 2366
2226 2367
2226 2368
2226 2379
2226 2406
2226 2416
2226 2419
2226 2434
2226 2461
2226 2475
2226 2493
2226 2498
2226 2501
2226 2510
2226 2518
2226 2557
2226 2566
2226 2581
2226 2598
2226 2608
2226 2610
2226 2612
2226 2642
2227 2263
2227 2313
2227 2371
2227 2534
2227 2558
2228 2260
2228 2313
2228 2316
2228 2317
2228 2322
2228 2342
2228 2361
2228 2371
2228 2397
2228 2402
2228 2411
2228 2440
2228 2448
2228 2488
2228 2540
2228 2570
2228 2614
2228 2618
2228 2628
2228 2644
2230 2283
2230 2313
2230 2358
2231 2236
2231 2277
2231 2313
2231 2316
2231 2317
2231 2322
2231 2341
2231 2361
2231 2371
2231 2397
2231 2405
2231 2411
2231 2440
2231 2448
2231 2474
2231 2488
2231 2497
2231 2523
2231 2577
2231 2628
2232 2241
2232 2259
2232 2267
2232 2268
2232 2280
2232 2289
2232 2292
2232 2296
2232 2313
2232 2325
2232 2327
2232 2333
2232 2336
2232 2345
2232 2366
2232 2367
2232 2379
2232 2384
2232 2394
2232 2417
2232 2445
2232 2455
2232 2471
2232 2473
2232 2491
2232 2508
2232 2537
2232 2543
2232 2547
2232 2566
2232 2571
2232 2589
2232 2594
2232 2598
2232 2608
2232 2612
2232 2614
2232 2635
2232 2642
2232 2643
2232 2649
2234 2266
2234 2303
2234 2311
2234 2334
2234 2386
2234 2387
2234 2391
2234 2393
2234 2404
2234 2410
2234 2429
2234 2449
2234 2476
2234 2478
2234 2499
2234 2506
2234 2526
2234 2576
2234 2584
2235 2243
2235 2254
2235 2265
2235 2274
2235 2280
2235 2282
2235 2283
2235 2288
2235 2294
2235 2304
2235 2322
2235 2327
2235 2328
2235 2332
2235 2333
2235 2344
2235 2377
2235 2384
2235 2390
2235 2394
2235 2396
2235 2415
2235 2432
2235 2434
2235 2438
2235 2451
2235 2458
2235 2461
2235 2479
2235 2491
2235 2501
2235 2509
2235 2510
2235 2511
2235 2537
2235 2566
2235 2592
2235 2594
2235 2598
2235 2603
2235 2608
2235 2617
2235 2652
2236 2260
2236 2317
2236 2322
2236 2335
2236 2341
2236 2342
2236 2360
2236 2361
2236 2371
2236 2405
2236 2411
2236 2440
2236 2448
2236 2488
2236 2523
2236 2580
2236 2628
2236 2644
2238 2251
2238 2260
2238 2335
2238 2341
2238 2360
2238 2361
2238 2411
2238 2455
2238 2562
2242 2272
2242 2278
2242 2289
2242 2298
2242 2313
2242 2318
2242 2325
2242 2362
2242 2395
2242 2399
2242 2425
2242 2452
2242 2480
2242 2498
2242 2501
2242 2512
2242 2540
2242 2605
2242 2610
2242 2637
2242 2642
2243 2264
2243 2266
2243 2267
2243 2274
2243 2280
2243 2282
2243 2294
2243 2327
2243 2328
2243 2333
2243 2336
2243 2344
2243 2384
2243 2387
2243 2390
2243 2394
2243 2396
2243 2398
2243 2415
2243 2434
2243 2438
2243 2451
2243 2458
2243 2479
2243 2501
2243 2509
2243 2511
2243 2518
2243 2537
2243 2547
2243 2594
2243 2598
2243 2603
2243 2617
2243 2652
2245 2281
2245 2301
2245 2487
2245 2535
2248 2286
2248 2314
2248 2335
2248 2397
2248 2405
2248 2497
2248 2503
2248 2534
2248 2644
2249 2250
2249 2268
2249 2279
2249 2313
2249 2332
2249 2336
2249 2372
2249 2434
2249 2491
2249 2558
2249 2589
2251 2313
2251 2618
2251 2644
2252 2282
2252 2294
2252 2304
2252 2328
2252 2333
2252 2509
2255 2320
2255 2453
2255 2466
2255 2486
2255 2650
2256 2265
2256 2291
2258 2266
2258 2311
2258 2326
2258 2329
2258 2354
2258 2356
2258 2369
2258 2376
2258 2393
2258 2404
2258 2408
2258 2409
2258 2410
2258 2428
2258 2468
2258 2477
2258 2478
2258 2504
2258 2507
2258 2520
2258 2521
2258 2542
2258 2549
2258 2559
2258 2560
2258 2564
2258 2575
2258 2611
2258 2646
2259 2268
2259 2280
2259 2327
2259 2333
2259 2336
2259 2345
2259 2347
2259 2372
2259 2379
2259 2384
2259 2394
2259 2398
2259 2401
2259 2417
2259 2420
2259 2443
2259 2445
2259 2451
2259 2468
2259 2471
2259 2473
2259 2475
2259 2490
2259 2491
2259 2508
2259 2537
2259 2543
2259 2592
2259 2594
2259 2598
2259 2608
2259 2635
2259 2649
2260 2289
2260 2341
2260 2397
2260 2412
2260 2659
2262 2266
2262 2300
2262 2350
2262 2387
2262 2391
2262 2506
2262 2545
2262 2576
2263 2313
2263 2431
2263 2528
2263 2558
2263 2621
2265 2291
2265 2406
2265 2566
2270 2318
2270 2416
2270 2425
2270 2525
2270 2557
2270 2610
2270 2641
2270 2642
2272 2289
2272 2310
2272 2318
2272 2325
2272 2362
2272 2416
2272 2419
2272 2432
2272 2480
2272 2525
2272 2540
2272 2610
2272 2637
2272 2642
2274 2328
2274 2333
2274 2344
2274 2351
2274 2377
2274 2384
2274 2390
2274 2396
2274 2415
2274 2434
2274 2438
2274 2479
2274 2509
2274 2511
2274 2568
2274 2603
2274 2652
2277 2335
2277 2357
2277 2373
2277 2411
2277 2474
2277 2488
2277 2497
2277 2656
2280 2282
2280 2283
2280 2294
2280 2327
2280 2328
2280 2333
2280 2336
2280 2345
2280 2367
2280 2379
2280 2384
2280 2390
2280 2394
2280 2396
2280 2434
2280 2438
2280 2451
2280 2458
2280 2491
2280 2501
2280 2511
2280 2518
2280 2537
2280 2592
2280 2594
2280 2598
2280 2608
2280 2617
2280 2635
2280 2652
2281 2301
2281 2487
2281 2535
2284 2346
2284 2364
2284 2365
2284 2378
2284 2447
2284 2459
2284 2494
2284 2538
2284 2583
2284 2585
2284 2620
2284 2627
2284 2633
2284 2636
2284 2639
2284 2645
2284 2647
2284 2648
2284 2657
2284 2659
2284 2660
2286 2314
2286 2335
2286 2361
2286 2371
2286 2403
2286 2411
2286 2440
2286 2488
2286 2497
2286 2503
2286 2534
2287 2309
2287 2311
2287 2323
2287 2324
2287 2326
2287 2331
2287 2339
2287 2340
2287 2352
2287 2363
2287 2370
2287 2376
2287 2386
2287 2409
2287 2410
2287 2418
2287 2428
2287 2446
2287 2464
2287 2485
2287 2495
2287 2500
2287 2507
2287 2542
2287 2553
2287 2590
2287 2593
2287 2600
2287 2601
2287 2602
2287 2604
2287 2607
2287 2625
2287 2630
2288 2300
2288 2309
2288 2345
2288 2350
2288 2383
2288 2391
2288 2406
2288 2468
2288 2478
2291 2318
2291 2345
2291 2406
2291 2453
2291 2624
2296 2322
2296 2325
2296 2345
2296 2366
2296 2367
2296 2379
2296 2406
2296 2416
2296 2425
2296 2473
2296 2498
2296 2566
2296 2581
2296 2610
2296 2612
2296 2642
2297 2337
2297 2364
2297 2365
2297 2378
2297 2435
2297 2447
2297 2494
2297 2538
2297 2585
2297 2620
2297 2627
2297 2633
2297 2640
2297 2647
2297 2659
2301 2487
2301 2535
2301 2570
2303 2339
2303 2376
2303 2387
2303 2391
2303 2393
2303 2449
2303 2476
2303 2478
2303 2526
2304 2310
2304 2327
2304 2328
2304 2333
2304 2344
2304 2355
2304 2368
2304 2377
2304 2384
2304 2389
2304 2394
2304 2396
2304 2399
2304 2432
2304 2434
2304 2438
2304 2461
2304 2471
2304 2475
2304 2501
2304 2509
2304 2510
2304 2511
2304 2512
2304 2516
2304 2518
2304 2537
2304 2555
2304 2594
2304 2598
2304 2603
2304 2608
2304 2617
2304 2642
2305 2336
2305 2372
2305 2385
2305 2572
2310 2318
2310 2325
2310 2416
2310 2419
2310 2461
2310 2525
2310 2540
2310 2557
2310 2603
2311 2324
2311 2326
2311 2334
2311 2340
2311 2354
2311 2395
2311 2404
2311 2409
2311 2410
2311 2428
2311 2430
2311 2446
2311 2460
2311 2462
2311 2485
2311 2489
2311 2500
2311 2507
2311 2521
2311 2526
2311 2539
2311 2560
2311 2625
2311 2646
2312 2319
2312 2355
2312 2384
2312 2389
2312 2400
2312 2413
2312 2529
2312 2531
2312 2610
2312 2616
2313 2317
2313 2322
2313 2325
2313 2342
2313 2358
2313 2361
2313 2366
2313 2371
2313 2375
2313 2376
2313 2380
2313 2388
2313 2402
2313 2406
2313 2411
2313 2422
2313 2431
2313 2433
2313 2439
2313 2440
2313 2441
2313 2443
2313 2448
2313 2450
2313 2456
2313 2488
2313 2528
2313 2534
2313 2540
2313 2548
2313 2558
2313 2562
2313 2581
2313 2614
2313 2618
2313 2621
2313 2628
2313 2632
2313 2644
2313 2656
2314 2335
2314 2397
2314 2403
2314 2474
2314 2497
2314 2503
2314 2534
2314 2540
2316 2360
2316 2402
2316 2577
2316 2597
2317 2342
2317 2360
2317 2361
2317 2371
2317 2402
2317 2411
2317 2412
2317 2440
2317 2448
2317 2456
2317 2474
2317 2488
2317 2540
2317 2577
2317 2580
2317 2587
2317 2618
2317 2628
2317 2644
2318 2325
2318 2362
2318 2406
2318 2415
2318 2416
2318 2419
2318 2425
2318 2480
2318 2525
2318 2557
2318 2637
2318 2642
2318 2651
2320 2349
2320 2401
2320 2426
2320 2444
2320 2486
2320 2490
2320 2515
2320 2622
2320 2650
2321 2341
2321 2581
2322 2325
2322 2335
2322 2361
2322 2366
2322 2371
2322 2397
2322 2406
2322 2411
2322 2412
2322 2419
2322 2440
2322 2473
2322 2557
2322 2562
2322 2566
2322 2577
2322 2610
2322 2612
2322 2642
2322 2656
2335 2361
2335 2371
2335 2403
2335 2411
2335 2440
2335 2474
2335 2488
2335 2497
2335 2503
2335 2523
2335 2534
2337 2346
2337 2364
2337 2365
2337 2378
2337 2435
2337 2447
2337 2494
2337 2538
2337 2583
2337 2639
2337 2640
2337 2645
2337 2647
2341 2361
2341 2412
2341 2455
2341 2456
2341 2659
2342 2371
2342 2397
2342 2402
2342 2411
2342 2448
2342 2450
2342 2456
2342 2488
2342 2540
2342 2562
2342 2618
2342 2628
2342 2632
2342 2644
2345 2366
2345 2367
2345 2379
2345 2394
2345 2406
2345 2443
2345 2449
2345 2453
2345 2461
2345 2468
2345 2491
2345 2510
2345 2537
2345 2555
2345 2560
2345 2566
2345 2594
2345 2598
2345 2610
2345 2612
2345 2617
2345 2635
2346 2364
2346 2365
2346 2378
2346 2389
2346 2435
2346 2538
2346 2583
2346 2585
2346 2620
2346 2626
2346 2633
2346 2636
2346 2640
2346 2645
2346 2657
2346 2658
2346 2659
2349 2401
2349 2426
2349 2444
2349 2466
2349 2486
2349 2490
2349 2513
2349 2515
2349 2622
2349 2650
2350 2363
2350 2391
2350 2404
2350 2410
2350 2542
2350 2545
2350 2576
2350 2588
2350 2615
2357 2397
2357 2562
2357 2587
2357 2659
2358 2411
2360 2488
2361 2371
2361 2373
2361 2397
2361 2402
2361 2440
2361 2448
2361 2455
2361 2488
2361 2503
2361 2523
2361 2540
2361 2618
2361 2628
2361 2644
2362 2416
2362 2419
2362 2425
2362 2480
2362 2525
2362 2610
2362 2637
2362 2642
2364 2365
2364 2378
2364 2435
2364 2447
2364 2459
2364 2494
2364 2538
2364 2583
2364 2585
2364 2620
2364 2627
2364 2633
2364 2636
2364 2639
2364 2640
2364 2645
2364 2647
2364 2648
2364 2657
2364 2659
2364 2660
2365 2378
2365 2447
2365 2538
2365 2583
2365 2620
2365 2627
2365 2633
2365 2636
2365 2639
2365 2640
2365 2645
2365 2647
2365 2657
2365 2659
2366 2367
2366 2379
2366 2406
2366 2566
2366 2592
2366 2608
2366 2612
2366 2642
2367 2379
2367 2394
2367 2406
2367 2461
2367 2510
2367 2537
2367 2566
2367 2571
2367 2581
2367 2594
2367 2597
2367 2598
2367 2608
2367 2612
2367 2617
2367 2635
2371 2402
2371 2440
2371 2448
2371 2488
2371 2540
2371 2618
2371 2628
2373 2411
2373 2412
2373 2656
2375 2439
2375 2548
2375 2558
2378 2417
2378 2447
2378 2459
2378 2494
2378 2538
2378 2583
2378 2633
2378 2636
2378 2639
2378 2640
2378 2645
2378 2647
2378 2648
2379 2508
2379 2566
2379 2571
2379 2581
2379 2594
2379 2598
2379 2608
2379 2612
2379 2617
2379 2635
2380 2448
2382 2456
2383 2391
2383 2428
2383 2429
2383 2478
2383 2482
2383 2504
2383 2507
2383 2546
2383 2564
2383 2646
2387 2391
2387 2393
2387 2404
2387 2410
2387 2427
2387 2429
2387 2443
2387 2449
2387 2454
2387 2460
2387 2478
2387 2520
2387 2526
2387 2532
2387 2542
2387 2584
2387 2602
2387 2611
2387 2619
2390 2394
2390 2396
2390 2415
2390 2434
2390 2438
2390 2451
2390 2468
2390 2479
2390 2501
2390 2509
2390 2511
2390 2537
2390 2603
2390 2617
2390 2652
2391 2393
2391 2395
2391 2404
2391 2428
2391 2478
2391 2495
2391 2536
2391 2542
2391 2545
2391 2552
2391 2553
2391 2556
2391 2576
2391 2584
2391 2600
2391 2607
2391 2611
2391 2623
2391 2625
2393 2404
2393 2449
2393 2478
2393 2499
2393 2526
2393 2542
2393 2584
2396 2415
2396 2432
2396 2434
2396 2438
2396 2451
2396 2458
2396 2459
2396 2465
2396 2473
2396 2479
2396 2491
2396 2501
2396 2509
2396 2510
2396 2511
2396 2537
2396 2592
2396 2594
2396 2603
2396 2608
2396 2617
2396 2652
2397 2403
2397 2411
2397 2448
2397 2474
2397 2488
2397 2497
2397 2523
2397 2562
2397 2570
2397 2577
2397 2628
2397 2644
2400 2413
2400 2529
2400 2531
2400 2610
2400 2616
2400 2629
2401 2426
2401 2444
2401 2466
2401 2486
2401 2513
2401 2515
2401 2594
2401 2622
2401 2650
2402 2448
2402 2488
2402 2614
2403 2405
2403 2497
2403 2503
2403 2534
2403 2618
2405 2412
2405 2587
2405 2659
2406 2453
2406 2473
2406 2514
2406 2566
2406 2610
2406 2612
2411 2412
2411 2474
2411 2488
2411 2497
2411 2523
2411 2580
2412 2424
2412 2455
2412 2570
2412 2577
2412 2587
2412 2628
2412 2656
2415 2432
2415 2434
2415 2438
2415 2479
2415 2501
2415 2509
2415 2511
2415 2537
2415 2603
2415 2617
2415 2652
2416 2419
2416 2425
2416 2480
2416 2525
2416 2557
2416 2603
2416 2610
2416 2637
2416 2641
2416 2642
2421 2437
2421 2634
2422 2441
2422 2558
2424 2455
2424 2587
2424 2644
2424 2659
2425 2468
2425 2480
2425 2498
2425 2525
2425 2557
2425 2581
2425 2594
2425 2610
2425 2637
2425 2641
2425 2642
2426 2444
2426 2486
2426 2490
2426 2510
2426 2513
2426 2526
2426 2553
2426 2622
2426 2650
2427 2429
2427 2449
2427 2454
2427 2476
2427 2478
2427 2499
2427 2512
2427 2611
2429 2430
2429 2449
2429 2467
2429 2478
2429 2489
2429 2492
2429 2507
2429 2512
2429 2526
2429 2543
2429 2546
2429 2561
2429 2563
2429 2586
2429 2590
2429 2594
2429 2601
2429 2604
2429 2607
2429 2611
2429 2623
2429 2624
2429 2646
2431 2528
2431 2558
2432 2434
2432 2438
2432 2486
2432 2501
2432 2509
2432 2537
2432 2603
2434 2438
2434 2451
2434 2458
2434 2461
2434 2471
2434 2479
2434 2501
2434 2509
2434 2511
2434 2512
2434 2518
2434 2537
2434 2582
2434 2603
2434 2617
2434 2652
2435 2494
2435 2538
2435 2583
2435 2645
2435 2647
2438 2451
2438 2458
2438 2479
2438 2480
2438 2501
2438 2509
2438 2511
2438 2518
2438 2537
2438 2543
2438 2568
2438 2592
2438 2603
2438 2617
2438 2643
2438 2652
2439 2450
2439 2528
2439 2548
2439 2558
2439 2621
2440 2448
2440 2488
2440 2497
2440 2577
2440 2618
2440 2628
2440 2644
2441 2558
2442 2499
2443 2478
2443 2490
2443 2527
2443 2542
2443 2584
2443 2622
2443 2635
2444 2486
2444 2490
2444 2513
2444 2515
2444 2622
2444 2650
2447 2459
2447 2538
2447 2585
2447 2620
2447 2636
2447 2639
2447 2640
2447 2645
2447 2647
2447 2648
2447 2657
2447 2658
2447 2660
2448 2488
2448 2540
2448 2562
2448 2614
2448 2618
2448 2628
2448 2644
2449 2454
2449 2476
2449 2478
2449 2499
2449 2512
2449 2526
2449 2561
2449 2594
2449 2602
2449 2611
2449 2623
2449 2631
2449 2655
2450 2548
2450 2558
2450 2614
2450 2632
2452 2498
2452 2637
2453 2505
2453 2651
2454 2478
2454 2542
2454 2545
2454 2611
2454 2631
2455 2587
2456 2541
2459 2529
2459 2531
2459 2538
2459 2583
2459 2620
2459 2640
2459 2645
2459 2658
2466 2650
2473 2491
2473 2508
2473 2537
2473 2543
2473 2547
2473 2566
2473 2589
2473 2594
2473 2597
2473 2598
2473 2608
2473 2612
2473 2649
2474 2497
2474 2523
2474 2570
2474 2577
2474 2580
2474 2628
2474 2644
2476 2482
2476 2507
2476 2561
2476 2576
2476 2584
2476 2611
2478 2482
2478 2501
2478 2507
2478 2512
2478 2526
2478 2543
2478 2550
2478 2551
2478 2556
2478 2560
2478 2561
2478 2564
2478 2576
2478 2584
2478 2586
2478 2601
2478 2602
2478 2611
2478 2619
2478 2623
2478 2624
2478 2646
2479 2501
2479 2511
2479 2537
2479 2603
2479 2617
2479 2652
2480 2518
2480 2540
2480 2610
2480 2637
2480 2642
2481 2535
2483 2527
2483 2595
2486 2490
2486 2513
2486 2515
2486 2622
2486 2650
2487 2535
2488 2523
2488 2570
2488 2628
2488 2644
2490 2513
2490 2515
2490 2622
2490 2650
2493 2641
2494 2538
2494 2583
2494 2626
2494 2639
2494 2645
2494 2647
2494 2648
2494 2658
2494 2660
2497 2503
2497 2534
2497 2644
2503 2534
2505 2651
2513 2622
2513 2650
2514 2517
2514 2588
2515 2545
2515 2622
2515 2650
2518 2519
2518 2594
2518 2598
2518 2602
2518 2611
2518 2642
2522 2567
2522 2608
2523 2566
2523 2612
2524 2526
2524 2611
2525 2540
2525 2557
2525 2603
2525 2637
2525 2641
2525 2642
2527 2595
2528 2558
2528 2621
2531 2557
2531 2571
2531 2610
2531 2616
2534 2659
2535 2570
2536 2542
2536 2546
2536 2553
2536 2574
2536 2575
2536 2576
2536 2591
2536 2611
2536 2619
2536 2630
2537 2543
2537 2547
2537 2567
2537 2589
2537 2592
2537 2594
2537 2598
2537 2603
2537 2608
2537 2616
2537 2617
2537 2649
2537 2652
2538 2585
2538 2620
2538 2626
2538 2633
2538 2639
2538 2640
2538 2645
2538 2647
2538 2658
2538 2659
2540 2557
2540 2634
2540 2637
2540 2642
2548 2558
2557 2603
2557 2610
2557 2637
2557 2641
2557 2642
2558 2614
2558 2618
2558 2621
2558 2632
2562 2618
2562 2656
2565 2581
2566 2610
2566 2612
2568 2603
2570 2577
2570 2587
2571 2594
2571 2597
2571 2598
2576 2578
2576 2590
2576 2600
2576 2611
2576 2630
2577 2587
2577 2628
2581 2610
2583 2620
2583 2627
2583 2636
2583 2639
2583 2640
2583 2645
2583 2647
2583 2648
2583 2657
2583 2659
2584 2611
2585 2620
2585 2626
2585 2640
2585 2645
2585 2647
2585 2648
2585 2657
2585 2658
2585 2659
2599 2629
2599 2653
2603 2610
2603 2617
2603 2652
2606 2607
2606 2611
2606 2615
2606 2619
2606 2624
2606 2625
2606 2638
2606 2655
2610 2612
2610 2616
2610 2637
2610 2641
2613 2630
2614 2618
2614 2632
2614 2656
2618 2628
2620 2626
2620 2627
2620 2633
2620 2640
2620 2645
2620 2647
2620 2648
2620 2657
2620 2658
2620 2660
2622 2650
2626 2633
2626 2636
2626 2648
2626 2657
2626 2659
2626 2660
2627 2633
2627 2639
2627 2640
2627 2645
2627 2647
2627 2648
2627 2657
2627 2658
2627 2660
2628 2644
2633 2636
2633 2639
2633 2645
2633 2647
2633 2657
2633 2658
2633 2659
2636 2639
2636 2645
2636 2647
2636 2657
2637 2642
2639 2640
2639 2645
2639 2647
2640 2645
2640 2648
2640 2657
2640 2658
2640 2660
2641 2642
2645 2647
2645 2648
2645 2657
2645 2658
2645 2659
2645 2660
2647 2648
2647 2657
2647 2659
2648 2657
2648 2659
2648 2660
2657 2658
2657 2659
2657 2660
2658 2659
2658 2660
2659 2660
3454 3547
3454 3586
3454 3605
3454 3621
3454 3642
3454 3673
3454 3677
3454 3693
3454 3775
3454 3779
3454 3861
3454 3880
3487 3496
3487 3504
3487 3530
3487 3551
3487 3566
3487 3723
3487 3925
3487 3961
3723 3961
3861 3904
3861 3954
